1.0	0.0	42.58250925541071
1.0	0.01	39.78985725655175
1.0	0.02	32.51784828394464
1.0	0.03	22.99185417622622
1.0	0.04	13.745796248270135
1.0	0.05	6.637972202087204
1.0	0.06	2.3392105322236914
1.0	0.07	0.44393501540749175
1.0	0.08	0.002163749887339749
1.0	0.09	0.10153582254138496
1.0	0.1	0.20519661868393205
1.0	0.11	0.17107469317004467
1.0	0.12	0.07339435951874904
1.0	0.13	0.00895614626635945
1.0	0.14	0.0037932931246324486
1.0	0.15	0.025189110754073773
1.0	0.16	0.03531154481373762
1.0	0.17	0.02475277575473678
1.0	0.18	0.007930146277149877
1.0	0.19	0.0002525114534905401
1.0	0.2	0.0036205254126379077
1.0	0.20999999999999996	0.009468194482370271
1.0	0.22	0.010177536955458776
1.0	0.23000000000000004	0.005743442153307661
1.0	0.24	0.0012680577907163387
1.0	0.25	0.0005143828700936579
1.0	0.26	0.002672354368505701
1.0	0.27	0.004404880751963939
1.0	0.28	0.0037647779566900835
1.0	0.29	0.0017490513150963238
1.0	0.3	0.0005777586392639786
1.0	0.31	0.001141978955585341
1.0	0.32	0.0023354113446470465
1.0	0.33	0.002592588996557144
1.0	0.34	0.0016930195979664923
1.0	0.35	0.0008911356178612761
1.0	0.36	0.001365104421369643
1.0	0.37	0.0027515377859807346
1.0	0.38	0.003432547804306214
1.0	0.39	0.002427976253020848
1.0	0.4	0.0009674003661844727
1.0	0.41	0.0018056551611801944
1.0	0.41999999999999993	0.006324912747584884
1.0	0.43000000000000005	0.011916252003671884
1.0	0.44	0.012927488052186142
1.0	0.44999999999999996	0.0065110888471281506
1.0	0.4600000000000001	0.0009282216092490053
1.0	0.47	0.020780672055122584
1.0	0.48	0.10373932046321219
1.0	0.49	0.287262385392439
1.0	0.5	0.5896279870937898
1.0	0.51	0.9938695330229426
1.0	0.52	1.4430966005037529
1.0	0.53	1.8510226157135337
1.0	0.54	2.124947386482048
1.0	0.55	2.1936361733606935
1.0	0.56	2.0316651358116977
1.0	0.57	1.6741628673268392
1.0	0.58	1.2188305204228518
1.0	0.59	0.8136039861592175
1.0	0.6	0.628814209247949
1.0	0.61	0.8148325305185018
1.0	0.62	1.4519937136959646
1.0	0.63	2.5076121007113503
1.0	0.64	3.8198211685341796
1.0	0.65	5.123761501614829
1.0	0.66	6.1205358406198584
1.0	0.67	6.568807662801648
1.0	0.68	6.363909237452565
1.0	0.69	5.570095048718136
1.0	0.7	4.390630972446846
1.0	0.71	3.0894924762784406
1.0	0.72	1.9021769869039482
1.0	0.73	0.977697267067555
1.0	0.74	0.3755480913781115
1.0	0.75	0.10982069489297824
1.0	0.76	0.2054756708430743
1.0	0.77	0.7250267422281107
1.0	0.78	1.7421502232193025
1.0	0.79	3.27219001459165
1.0	0.8	5.199174237177664
1.0	0.81	7.247316059011792
1.0	0.82	9.026069712338277
1.0	0.8300000000000001	10.14079732853288
1.0	0.8399999999999999	10.325428638437813
1.0	0.85	9.538439463423378
1.0	0.8600000000000001	7.977730720563943
1.0	0.8699999999999999	6.006955819435807
1.0	0.88	4.027019308376202
1.0	0.8900000000000001	2.3510577735071276
1.0	0.8999999999999999	1.1368650055697316
1.0	0.91	0.39986340775614426
1.0	0.9200000000000002	0.08828573583130433
1.0	0.9299999999999999	0.1714857720970294
1.0	0.94	0.6879538553155948
1.0	0.95	1.7237407575132235
1.0	0.96	3.331888031794434
1.0	0.97	5.438128638216352
1.0	0.98	7.789118518658716
1.0	0.99	9.980564920921287
1.0	1.0	11.563223539665076
1.0	1.01	12.18507972199356
1.0	1.02	11.70862335301653
1.0	1.03	10.25295203011682
1.0	1.04	8.145678144648496
1.0	1.05	5.8108523772999146
1.0	1.06	3.6452702079156314
1.0	1.07	1.9341379945168602
1.0	1.08	0.8307112591728787
1.0	1.09	0.388858334934157
1.0	1.1	0.6122839885124208
1.0	1.11	1.4821866762512248
1.0	1.12	2.945596593598484
1.0	1.13	4.876249498775086
1.0	1.14	7.0409034258713605
1.0	1.15	9.10457160856494
1.0	1.16	10.688432477338008
1.0	1.17	11.465732491529408
1.0	1.18	11.259606377071046
1.0	1.19	10.103456626042092
1.0	1.2	8.24003723468446
1.0	1.21	6.0605692362354
1.0	1.22	4.007115212196922
1.0	1.23	2.4706082283099025
1.0	1.24	1.7118985465081886
1.0	1.25	1.8198186136545427
1.0	1.26	2.7070789926861356
1.0	1.27	4.137517435096043
1.0	1.28	5.777020716133835
1.0	1.29	7.261255425248226
1.0	1.3	8.27181238491463
1.0	1.31	8.607535881628696
1.0	1.32	8.233054221695634
1.0	1.33	7.287160096778732
1.0	1.34	6.042909140697699
1.0	1.35	4.827299083233658
1.0	1.36	3.924550580853441
1.0	1.37	3.4952803950475766
1.0	1.38	3.539265939552451
1.0	1.39	3.9131735377537233
1.0	1.4	4.393509776905281
1.0	1.41	4.758498860691804
1.0	1.42	4.857659639967711
1.0	1.43	4.6459794051901735
1.0	1.44	4.176162564037357
1.0	1.45	3.559483328619648
1.0	1.46	2.9159727519317373
1.0	1.47	2.3346937974106443
1.0	1.48	1.856384862096169
1.0	1.49	1.4789667141073033
1.0	1.5	1.1770486453911464
1.0	1.5099999999999998	0.9231898881475706
1.0	1.52	0.7014082943320663
1.0	1.53	0.5096149421075982
1.0	1.54	0.3536512621948599
1.0	1.5500000000000003	0.2387181596355493
1.0	1.56	0.16351800873566819
1.0	1.5699999999999998	0.11954494242266615
1.0	1.58	0.09467648701376863
1.0	1.59	0.07823210689550351
1.0	1.6	0.06459826309948984
1.0	1.6100000000000003	0.05390369226143295
1.0	1.62	0.050008258957399916
1.0	1.63	0.057276055963196584
1.0	1.64	0.07780837341764776
1.0	1.65	0.1101873265781351
1.0	1.6600000000000001	0.14985105689018552
1.0	1.67	0.1905086966775171
1.0	1.6799999999999997	0.22577432880980405
1.0	1.69	0.2504103150683361
1.0	1.7	0.2609804574634872
1.0	1.71	0.25605874447103316
1.0	1.7200000000000002	0.2362666565059847
1.0	1.73	0.2043191460750757
1.0	1.7399999999999998	0.16505462337270063
1.0	1.75	0.1252481355502293
1.0	1.76	0.09296319723748604
1.0	1.77	0.07631695565104035
1.0	1.7800000000000002	0.08177112556667844
1.0	1.79	0.11232103540292702
1.0	1.7999999999999998	0.16612533403762117
1.0	1.81	0.2361124661760167
1.0	1.82	0.3108893622016982
1.0	1.83	0.376911776102022
1.0	1.8400000000000003	0.4214695217557137
1.0	1.85	0.43573660082729215
1.0	1.8599999999999999	0.41705240411588645
1.0	1.87	0.36977762385847474
1.0	1.88	0.30445502904744437
1.0	1.8900000000000001	0.23547419430498512
1.0	1.9	0.1778396242696548
1.0	1.9099999999999997	0.14385537697795134
1.0	1.92	0.1405198932760503
1.0	1.93	0.16820327988706496
1.0	1.94	0.22083948500592177
1.0	1.9500000000000002	0.2875061303540135
1.0	1.96	0.35496707057019505
1.0	1.9699999999999998	0.4105686803716426
1.0	1.98	0.4448341132528581
1.0	1.99	0.4531931746942791
1.0	2.0	0.4365026875838756
2.0	0.0	39.91663420843494
2.0	0.01	37.29879657006693
2.0	0.02	30.482065720656962
2.0	0.03	21.552483960796025
2.0	0.04	12.885295110727299
2.0	0.05	6.222434463258747
2.0	0.06	2.1927600077669647
2.0	0.07	0.4161363094640563
2.0	0.08	0.002067192777812499
2.0	0.09	0.09526357878196327
2.0	0.1	0.19242624580719705
2.0	0.11	0.16038435664242592
2.0	0.12	0.06878430965866783
2.0	0.13	0.008420838792251216
2.0	0.14	0.0036657362982297622
2.0	0.15	0.023757946098661924
2.0	0.16	0.03318671748774597
2.0	0.17	0.02319976547649545
2.0	0.18	0.0074300813925429745
2.0	0.19	0.0003530102816489821
2.0	0.2	0.0036374112950343608
2.0	0.20999999999999996	0.009108738828713247
2.0	0.22	0.009624798560029896
2.0	0.23000000000000004	0.005357838291936553
2.0	0.24	0.0012654968972812119
2.0	0.25	0.0008280165782547497
2.0	0.26	0.0030205639354823053
2.0	0.27	0.004508810041679426
2.0	0.28	0.003598257760384777
2.0	0.29	0.0016251701774906006
2.0	0.3	0.0009195961591242068
2.0	0.31	0.0020521853636082535
2.0	0.32	0.0033758208229425803
2.0	0.33	0.0031275562088097656
2.0	0.34	0.0016213472512844687
2.0	0.35	0.001034306648017121
2.0	0.36	0.0028779338134631623
2.0	0.37	0.0058477691267165895
2.0	0.38	0.0067124721554897016
2.0	0.39	0.003988188855980144
2.0	0.4	0.0008764560659527469
2.0	0.41	0.0036015355645571206
2.0	0.41999999999999993	0.015004712076729546
2.0	0.43000000000000005	0.028610073941639336
2.0	0.44	0.030769249668577865
2.0	0.44999999999999996	0.014653740030615306
2.0	0.4600000000000001	0.0009544311795696577
2.0	0.47	0.05186443139189909
2.0	0.48	0.26398083138303113
2.0	0.49	0.7349198861431436
2.0	0.5	1.5136836018884892
2.0	0.51	2.5571833370989583
2.0	0.52	3.7165707110247297
2.0	0.53	4.765294309690937
2.0	0.54	5.4621868465027354
2.0	0.55	5.6275538345910565
2.0	0.56	5.205791403247798
2.0	0.57	4.294990607827398
2.0	0.58	3.13635633831971
2.0	0.59	2.066899750611219
2.0	0.6	1.444680485915896
2.0	0.61	1.5591575971422857
2.0	0.62	2.5438710327182554
2.0	0.63	4.3149570262224834
2.0	0.64	6.561458358233831
2.0	0.65	8.804587424935038
2.0	0.66	10.520620743245944
2.0	0.67	11.293306877868389
2.0	0.68	10.941605710674128
2.0	0.69	9.571295069089054
2.0	0.7	7.527623167003004
2.0	0.71	5.26887709351905
2.0	0.72	3.2159100212734795
2.0	0.73	1.6412188083202273
2.0	0.74	0.6380248225223826
2.0	0.75	0.1675200270545188
2.0	0.76	0.1441688030351602
2.0	0.77	0.5051413393620362
2.0	0.78	1.2266534487518514
2.0	0.79	2.2859071666061244
2.0	0.8	3.6010288182167995
2.0	0.81	4.994010223308426
2.0	0.82	6.207363110246268
2.0	0.8300000000000001	6.97362415412864
2.0	0.8399999999999999	7.106548763238674
2.0	0.85	6.570308202695243
2.0	0.8600000000000001	5.493862633869634
2.0	0.8699999999999999	4.124621335850234
2.0	0.88	2.7435092568894426
2.0	0.8900000000000001	1.5786409766354863
2.0	0.8999999999999999	0.7510912018233833
2.0	0.91	0.2679289867991923
2.0	0.9200000000000002	0.05545858891935516
2.0	0.9299999999999999	0.01040448241387144
2.0	0.94	0.044331312610034604
2.0	0.95	0.10556748372620801
2.0	0.96	0.1768324075680123
2.0	0.97	0.25813350006212976
2.0	0.98	0.34854836430231817
2.0	0.99	0.43698674457573417
2.0	1.0	0.5044000392932854
2.0	1.01	0.5329324374308839
2.0	1.02	0.5146493459531358
2.0	1.03	0.45440888159054826
2.0	1.04	0.3661767659533174
2.0	1.05	0.26642384352564763
2.0	1.06	0.16964432941810226
2.0	1.07	0.08892840654417057
2.0	1.08	0.040483520014355824
2.0	1.09	0.047695173157370235
2.0	1.1	0.13991217574458303
2.0	1.11	0.3440016552371834
2.0	1.12	0.6711978275797683
2.0	1.13	1.1051867404502593
2.0	1.14	1.5976467974786892
2.0	1.15	2.0744093010277354
2.0	1.16	2.45083288443876
2.0	1.17	2.651560467461104
2.0	1.18	2.6292994259000846
2.0	1.19	2.3793038665350883
2.0	1.2	1.9486821365064222
2.0	1.21	1.4401374221676722
2.0	1.22	1.0076562141368897
2.0	1.23	0.8389879200925223
2.0	1.24	1.1200760550012094
2.0	1.25	1.9824827170135684
2.0	1.26	3.4453772634154376
2.0	1.27	5.373813604642855
2.0	1.28	7.477809909598398
2.0	1.29	9.367291807108318
2.0	1.3	10.65724642533868
2.0	1.31	11.093264245755384
2.0	1.32	10.651699419404633
2.0	1.33	9.570744641898074
2.0	1.34	8.29102723956778
2.0	1.35	7.31925189177899
2.0	1.36	7.0611487580340935
2.0	1.37	7.6853469506604215
2.0	1.38	9.069724238041388
2.0	1.39	10.849718648671
2.0	1.4	12.54773832898367
2.0	1.41	13.731816334747103
2.0	1.42	14.143261358849092
2.0	1.43	13.749933189262215
2.0	1.44	12.715132616437373
2.0	1.45	11.306306050485418
2.0	1.46	9.788013871636107
2.0	1.47	8.34269321636317
2.0	1.48	7.043707004231957
2.0	1.49	5.878848084225438
2.0	1.5	4.8015695263797555
2.0	1.5099999999999998	3.7801717975373474
2.0	1.52	2.822790265589256
2.0	1.53	1.9721856087895804
2.0	1.54	1.279983491810372
2.0	1.5500000000000003	0.7779077042365763
2.0	1.56	0.4614563469403322
2.0	1.5699999999999998	0.29233490023104325
2.0	1.58	0.21556853004934334
2.0	1.59	0.18084764919026394
2.0	1.6	0.1576021855822866
2.0	1.6100000000000003	0.1383046071567174
2.0	1.62	0.13110616772207176
2.0	1.63	0.1475939966039375
2.0	1.64	0.1923880125918161
2.0	1.65	0.2588739272130158
2.0	1.6600000000000001	0.33152569477798033
2.0	1.67	0.39217166412612997
2.0	1.6799999999999997	0.4264774373503153
2.0	1.69	0.42783199816220296
2.0	1.7	0.3977554028363025
2.0	1.71	0.3436997611430395
2.0	1.7200000000000002	0.27592312332628455
2.0	1.73	0.20489453093511095
2.0	1.7399999999999998	0.13987570364573976
2.0	1.75	0.08850445532976942
2.0	1.76	0.05677493964763166
2.0	1.77	0.04885079643022918
2.0	1.7800000000000002	0.0664918453114239
2.0	1.79	0.10827168733197401
2.0	1.7999999999999998	0.1690165222381537
2.0	1.81	0.2399211870295861
2.0	1.82	0.3096124339188689
2.0	1.83	0.36610872534558797
2.0	1.8400000000000003	0.39927960487607367
2.0	1.85	0.4031577648985451
2.0	1.8599999999999999	0.37740958599475066
2.0	1.87	0.3274735231475063
2.0	1.88	0.26328247001645466
2.0	1.8900000000000001	0.19695070400922912
2.0	1.9	0.14013801274443718
2.0	1.9099999999999997	0.10185798290474338
2.0	1.92	0.0872529162756166
2.0	1.93	0.09743560338669305
2.0	1.94	0.1301030423862279
2.0	1.9500000000000002	0.18044054684593003
2.0	1.96	0.2419193286499082
2.0	1.9699999999999998	0.30686204554746893
2.0	1.98	0.3669308350284198
2.0	1.99	0.4138129091032782
2.0	2.0	0.4402747037771496
3.0	0.0	39.71819613953807
3.0	0.01	37.11336968275584
3.0	0.02	30.33052971438269
3.0	0.03	21.44534734279124
3.0	0.04	12.821250787787465
3.0	0.05	6.191510094886241
3.0	0.06	2.181861542557454
3.0	0.07	0.41407022753659634
3.0	0.08	0.0020705104130796267
3.0	0.09	0.09481486953018112
3.0	0.1	0.19149255192721645
3.0	0.11	0.15959585892765946
3.0	0.12	0.06844330518943308
3.0	0.13	0.008393623845045139
3.0	0.14	0.003688211427370312
3.0	0.15	0.02369077126049281
3.0	0.16	0.03305266470461673
3.0	0.17	0.023087857686062002
3.0	0.18	0.007401999088918249
3.0	0.19	0.0004080056950596069
3.0	0.2	0.003723195072693562
3.0	0.20999999999999996	0.009159024277049286
3.0	0.22	0.00961192622195358
3.0	0.23000000000000004	0.005329030084409564
3.0	0.24	0.0013159961558144484
3.0	0.25	0.0010088728772117217
3.0	0.26	0.003262833844904462
3.0	0.27	0.004667305495960027
3.0	0.28	0.0036110790361244495
3.0	0.29	0.0016333439658365871
3.0	0.3	0.0011757449403164695
3.0	0.31	0.0026469891471433134
3.0	0.32	0.0040591042808112154
3.0	0.33	0.0035005782500564676
3.0	0.34	0.0016230665447914915
3.0	0.35	0.001229462448219428
3.0	0.36	0.004071787674632288
3.0	0.37	0.008181076777737932
3.0	0.38	0.009147522832098826
3.0	0.39	0.005114726713037137
3.0	0.4	0.0008291686056703051
3.0	0.41	0.0053175760435591
3.0	0.41999999999999993	0.02268067677538617
3.0	0.43000000000000005	0.04324327095783097
3.0	0.44	0.04641149081323792
3.0	0.44999999999999996	0.021679398920159063
3.0	0.4600000000000001	0.0010079345164470009
3.0	0.47	0.0822280184196027
3.0	0.48	0.41993182354685954
3.0	0.49	1.1733183937700102
3.0	0.5	2.4250053813881935
3.0	0.51	4.107080606915305
3.0	0.52	5.975790998432686
3.0	0.53	7.658326641498688
3.0	0.54	8.761993557698005
3.0	0.55	9.005245634721199
3.0	0.56	8.318296901381188
3.0	0.57	6.874165508411215
3.0	0.58	5.04092647482248
3.0	0.59	3.2765065655243464
3.0	0.6	2.004479421520583
3.0	0.61	1.508583311964696
3.0	0.62	1.8706265596207003
3.0	0.63	2.960638661105804
3.0	0.64	4.476133981899258
3.0	0.65	6.019775803494806
3.0	0.66	7.198667230872059
3.0	0.67	7.722458530177681
3.0	0.68	7.474062559496363
3.0	0.69	6.530892708448237
3.0	0.7	5.1285619049546
3.0	0.71	3.5792067083146923
3.0	0.72	2.1740839715451505
3.0	0.73	1.105697707543953
3.0	0.74	0.43495740991518306
3.0	0.75	0.10840858491136317
3.0	0.76	0.00968776930870515
3.0	0.77	0.018034297489543456
3.0	0.78	0.04921736599027955
3.0	0.79	0.06741561906019367
3.0	0.8	0.07233155234094299
3.0	0.81	0.07605115640863083
3.0	0.82	0.08493974133107048
3.0	0.8300000000000001	0.09471247452950057
3.0	0.8399999999999999	0.09698418464078772
3.0	0.85	0.08882321328374676
3.0	0.8600000000000001	0.07641490924903847
3.0	0.8699999999999999	0.06944238914456557
3.0	0.88	0.07058589944733679
3.0	0.8900000000000001	0.06975414746881381
3.0	0.8999999999999999	0.05165548184162859
3.0	0.91	0.01772485849327552
3.0	0.9200000000000002	0.012777649196852751
3.0	0.9299999999999999	0.13916741807129968
3.0	0.94	0.5423075594748279
3.0	0.95	1.3628683013977358
3.0	0.96	2.6686369998039785
3.0	0.97	4.3941439138415985
3.0	0.98	6.319536887640797
3.0	0.99	8.107613006347348
3.0	1.0	9.393427197194118
3.0	1.01	9.895747476131572
3.0	1.02	9.506826127994358
3.0	1.03	8.32415931613662
3.0	1.04	6.612669244685698
3.0	1.05	4.7161690275553045
3.0	1.06	2.957778290642791
3.0	1.07	1.5697416395757617
3.0	1.08	0.674124663653169
3.0	1.09	0.3079570983977682
3.0	1.1	0.46491848861438045
3.0	1.11	1.1219058801204407
3.0	1.12	2.2337768215243745
3.0	1.13	3.703613625207673
3.0	1.14	5.3545178688149235
3.0	1.15	6.931229167703902
3.0	1.16	8.144463863938451
3.0	1.17	8.746669642889097
3.0	1.18	8.60865901033968
3.0	1.19	7.763070988047329
3.0	1.2	6.394643175292102
3.0	1.21	4.781105927975595
3.0	1.22	3.209543062097554
3.0	1.23	1.9010150222629583
3.0	1.24	0.9685236966220819
3.0	1.25	0.4158132064815734
3.0	1.26	0.16718605366095426
3.0	1.27	0.10985706837931206
3.0	1.28	0.13257744591624265
3.0	1.29	0.1530421646149616
3.0	1.3	0.13474095240228495
3.0	1.31	0.09628186592470413
3.0	1.32	0.11285589967444452
3.0	1.33	0.30508040416309584
3.0	1.34	0.8105144152325597
3.0	1.35	1.7398586483026444
3.0	1.36	3.130087884400565
3.0	1.37	4.913761411475086
3.0	1.38	6.921524242432695
3.0	1.39	8.922344624744396
3.0	1.4	10.688658343452216
3.0	1.41	12.060389624235468
3.0	1.42	12.980528146769318
3.0	1.43	13.487306168332786
3.0	1.44	13.668397444204302
3.0	1.45	13.600709112145031
3.0	1.46	13.305882540426934
3.0	1.47	12.743131310766987
3.0	1.48	11.841903550287137
3.0	1.49	10.556879086763137
3.0	1.5	8.917021734986125
3.0	1.5099999999999998	7.043839983583105
3.0	1.52	5.12934340043142
3.0	1.53	3.383305970713681
3.0	1.54	1.9729183177554108
3.0	1.5500000000000003	0.9797736170628613
3.0	1.56	0.3895729352491805
3.0	1.5699999999999998	0.11458861556513444
3.0	1.58	0.03551802920000608
3.0	1.59	0.043706706529413386
3.0	1.6	0.06816402346887007
3.0	1.6100000000000003	0.08122636918015466
3.0	1.62	0.08678891658953944
3.0	1.63	0.10109120134698185
3.0	1.64	0.13627640237858757
3.0	1.65	0.19264844208454118
3.0	1.6600000000000001	0.25985497568705834
3.0	1.67	0.32315183057293495
3.0	1.6799999999999997	0.3699126105302128
3.0	1.69	0.3931922324728245
3.0	1.7	0.3918055123262675
3.0	1.71	0.3683752376142155
3.0	1.7200000000000002	0.3273094115742437
3.0	1.73	0.2738940953759203
3.0	1.7399999999999998	0.2144755539542687
3.0	1.75	0.1568837844357989
3.0	1.76	0.11018657278049468
3.0	1.77	0.08339543125131435
3.0	1.7800000000000002	0.08342535415160428
3.0	1.79	0.11304095209085069
3.0	1.7999999999999998	0.1695520912628262
3.0	1.81	0.24474440128170133
3.0	1.82	0.3261376269845867
3.0	1.83	0.3993128298117213
3.0	1.8400000000000003	0.45080223907881245
3.0	1.85	0.4709018068738915
3.0	1.8599999999999999	0.45575590253744336
3.0	1.87	0.4082018847016322
3.0	1.88	0.3371548072635787
3.0	1.8900000000000001	0.2556982828645982
3.0	1.9	0.17839735219523367
3.0	1.9099999999999997	0.11852364567403695
3.0	1.92	0.08581485586874592
3.0	1.93	0.0851310502868786
3.0	1.94	0.11606270180801113
3.0	1.9500000000000002	0.17333684175426395
3.0	1.96	0.24782042044390198
3.0	1.9699999999999998	0.32797948689657463
3.0	1.98	0.4016977871861726
3.0	1.99	0.4582957285984032
3.0	2.0	0.4904307427249065
4.0	0.0	39.69337853020361
4.0	0.01	37.090189049965595
4.0	0.02	30.311597248565725
4.0	0.03	21.431963489766122
4.0	0.04	12.813240135146254
4.0	0.05	6.187630741416128
4.0	0.06	2.1804940382827667
4.0	0.07	0.4138247778196706
4.0	0.08	0.002090212021200101
4.0	0.09	0.0947638366667819
4.0	0.1	0.19136147593153927
4.0	0.11	0.15948232257571487
4.0	0.12	0.06840778568017625
4.0	0.13	0.008418585473665
4.0	0.14	0.0037142551235023065
4.0	0.15	0.023677396090433695
4.0	0.16	0.03301161614557218
4.0	0.17	0.0230651181431037
4.0	0.18	0.007428158561433231
4.0	0.19	0.0004650019296837294
4.0	0.2	0.0037611348590244516
4.0	0.20999999999999996	0.009148496367619333
4.0	0.22	0.009579398291267442
4.0	0.23000000000000004	0.005335585639534113
4.0	0.24	0.001395273196947906
4.0	0.25	0.0011255113933763211
4.0	0.26	0.003339628999664625
4.0	0.27	0.004664074568344202
4.0	0.28	0.0035808938082740544
4.0	0.29	0.0016911622555730963
4.0	0.3	0.0013915664064054925
4.0	0.31	0.0029569139291926432
4.0	0.32	0.004295479631947183
4.0	0.33	0.003551421387670164
4.0	0.34	0.001599274708510741
4.0	0.35	0.0014588862172630938
4.0	0.36	0.004841245682390977
4.0	0.37	0.009386932948356321
4.0	0.38	0.010218235779171077
4.0	0.39	0.0054909637736038856
4.0	0.4	0.0008228084582989607
4.0	0.41	0.006568021730762669
4.0	0.41999999999999993	0.027283366888580175
4.0	0.43000000000000005	0.05150364810629711
4.0	0.44	0.05497466307871133
4.0	0.44999999999999996	0.025354080625092947
4.0	0.4600000000000001	0.0011793174558489623
4.0	0.47	0.10125655673489953
4.0	0.48	0.5153773072054058
4.0	0.49	1.4415911517889994
4.0	0.5	2.9852046652768083
4.0	0.51	5.064083099223741
4.0	0.52	7.374152398924349
4.0	0.53	9.44808919703365
4.0	0.54	10.796579058803443
4.0	0.55	11.07783711179021
4.0	0.56	10.222228509562648
4.0	0.57	8.456768664963564
4.0	0.58	6.220272424750936
4.0	0.59	4.009400948367562
4.0	0.6	2.2230378853727575
4.0	0.61	1.0651945755036158
4.0	0.62	0.5324773072794382
4.0	0.63	0.47196236789299884
4.0	0.64	0.6700038525907319
4.0	0.65	0.9311815932329056
4.0	0.66	1.1236922832004526
4.0	0.67	1.1890332929468734
4.0	0.68	1.127654800962659
4.0	0.69	0.9747555671833037
4.0	0.7	0.7761048565648812
4.0	0.71	0.5694807341157371
4.0	0.72	0.3760535195601486
4.0	0.73	0.20552186002867545
4.0	0.74	0.07491058022970909
4.0	0.75	0.032807490590076455
4.0	0.76	0.17299844287469024
4.0	0.77	0.6210844833869327
4.0	0.78	1.4886500688689257
4.0	0.79	2.808320968995832
4.0	0.8	4.479340667119465
4.0	0.81	6.256055363370878
4.0	0.82	7.7964122887297655
4.0	0.8300000000000001	8.760097442302614
4.0	0.8399999999999999	8.920058123520338
4.0	0.85	8.241079790417668
4.0	0.8600000000000001	6.891260570799906
4.0	0.8699999999999999	5.181384397970942
4.0	0.88	3.4589875731947193
4.0	0.8900000000000001	2.0025874132982504
4.0	0.8999999999999999	0.9582701154536328
4.0	0.91	0.3381365326265971
4.0	0.9200000000000002	0.07010922796908034
4.0	0.9299999999999999	0.06640024170385847
4.0	0.94	0.2737640028210372
4.0	0.95	0.6830498571049504
4.0	0.96	1.2997513965057872
4.0	0.97	2.0982130839344673
4.0	0.98	2.9894976788002356
4.0	0.99	3.8239104788536062
4.0	1.0	4.429608128169808
4.0	1.01	4.669388561743825
4.0	1.02	4.488637209722306
4.0	1.03	3.9325742097334215
4.0	1.04	3.1268440507385398
4.0	1.05	2.2332039173559464
4.0	1.06	1.4023239942496544
4.0	1.07	0.7437947001559327
4.0	1.08	0.32143718509922725
4.0	1.09	0.16730915926070933
4.0	1.1	0.29869930072908746
4.0	1.11	0.7235057621477754
4.0	1.12	1.4292290699370054
4.0	1.13	2.363035574054087
4.0	1.14	3.417654766964342
4.0	1.15	4.43622820606163
4.0	1.16	5.2399666834567915
4.0	1.17	5.671134275265247
4.0	1.18	5.636657146562742
4.0	1.19	5.137768573871509
4.0	1.2	4.277292568364086
4.0	1.21	3.2441069505682782
4.0	1.22	2.2797790783391743
4.0	1.23	1.6339082443983506
4.0	1.24	1.514162245169003
4.0	1.25	2.037417979141202
4.0	1.26	3.191172094352903
4.0	1.27	4.817546269530077
4.0	1.28	6.631598569260653
4.0	1.29	8.278027834943655
4.0	1.3	9.416570748873905
4.0	1.31	9.812140625312715
4.0	1.32	9.399011179212984
4.0	1.33	8.29465991180861
4.0	1.34	6.757419374235481
4.0	1.35	5.1050296950741965
4.0	1.36	3.627337644428977
4.0	1.37	2.5271493767351942
4.0	1.38	1.9076679019667702
4.0	1.39	1.800768350513007
4.0	1.4	2.2101826399564866
4.0	1.41	3.1382121298312065
4.0	1.42	4.576798669843511
4.0	1.43	6.467031662767391
4.0	1.44	8.652716245688508
4.0	1.45	10.86147429774698
4.0	1.46	12.736208886587107
4.0	1.47	13.915655349136788
4.0	1.48	14.137342939385583
4.0	1.49	13.32253149301098
4.0	1.5	11.60759772860811
4.0	1.5099999999999998	9.307629957770146
4.0	1.52	6.825480060773224
4.0	1.53	4.540514817240629
4.0	1.54	2.7168437870203865
4.0	1.5500000000000003	1.4596499426230716
4.0	1.56	0.7268220839966656
4.0	1.5699999999999998	0.38167638284493777
4.0	1.58	0.26013872496443596
4.0	1.59	0.2260770294245542
4.0	1.6	0.19909135694829133
4.0	1.6100000000000003	0.15349611537288738
4.0	1.62	0.09857569426969738
4.0	1.63	0.054387746281558826
4.0	1.64	0.03444696819303717
4.0	1.65	0.03975595823546443
4.0	1.6600000000000001	0.062031916162559535
4.0	1.67	0.09055528306027931
4.0	1.6799999999999997	0.11746798824344945
4.0	1.69	0.1391865348357599
4.0	1.7	0.15468171555845758
4.0	1.71	0.1630320433185636
4.0	1.7200000000000002	0.16241897339102687
4.0	1.73	0.15125632323306937
4.0	1.7399999999999998	0.13056703199229666
4.0	1.75	0.10593092418895517
4.0	1.76	0.08758632387964407
4.0	1.77	0.08824192257190254
4.0	1.7800000000000002	0.11924557316973519
4.0	1.79	0.18646275584611124
4.0	1.7999999999999998	0.28733086503511107
4.0	1.81	0.41014915535182145
4.0	1.82	0.5359605224956275
4.0	1.83	0.6426193281103915
4.0	1.8400000000000003	0.7100106191320794
4.0	1.85	0.725030099794811
4.0	1.8599999999999999	0.6849449468648675
4.0	1.87	0.5981598508625973
4.0	1.88	0.4821313881628027
4.0	1.8900000000000001	0.3590079120205025
4.0	1.9	0.25024960659418194
4.0	1.9099999999999997	0.17176191713714908
4.0	1.92	0.13085189003027625
4.0	1.93	0.12568019099304578
4.0	1.94	0.1470774942748683
4.0	1.9500000000000002	0.1819161548784179
4.0	1.96	0.21689336473202198
4.0	1.9699999999999998	0.2416521509548848
4.0	1.98	0.2505487504681459
4.0	1.99	0.24288751564728475
4.0	2.0	0.22190468350842565
5.0	0.0	39.69337853020361
5.0	0.01	37.09018904996559
5.0	0.02	30.31159724856572
5.0	0.03	21.43196348976612
5.0	0.04	12.81324013514625
5.0	0.05	6.187630741416126
5.0	0.06	2.180494038282766
5.0	0.07	0.4138247778196715
5.0	0.08	0.002090212021199216
5.0	0.09	0.09476383666678481
5.0	0.1	0.19136147593154224
5.0	0.11	0.15948232257571765
5.0	0.12	0.06840778568017677
5.0	0.13	0.00841858547366598
5.0	0.14	0.003714255123501689
5.0	0.15	0.023677396090429056
5.0	0.16	0.03301161614556779
5.0	0.17	0.02306511814310429
5.0	0.18	0.007428158561433852
5.0	0.19	0.0004650019296821941
5.0	0.2	0.0037611348590232976
5.0	0.20999999999999996	0.009148496367619063
5.0	0.22	0.009579398291269364
5.0	0.23000000000000004	0.00533558563953435
5.0	0.24	0.001395273196946895
5.0	0.25	0.0011255113933773446
5.0	0.26	0.0033396289996652398
5.0	0.27	0.0046640745683464374
5.0	0.28	0.0035808938082744057
5.0	0.29	0.0016911622555720795
5.0	0.3	0.001391566406405626
5.0	0.31	0.002956913929192094
5.0	0.32	0.004295479631946782
5.0	0.33	0.003551421387668809
5.0	0.34	0.0015992747085115332
5.0	0.35	0.001458886217262978
5.0	0.36	0.0048412456823915114
5.0	0.37	0.009386932948358477
5.0	0.38	0.01021823577917132
5.0	0.39	0.005490963773604612
5.0	0.4	0.0008228084583000225
5.0	0.41	0.006568021730765259
5.0	0.41999999999999993	0.027283366888582464
5.0	0.43000000000000005	0.05150364810629543
5.0	0.44	0.05497466307871031
5.0	0.44999999999999996	0.025354080625092142
5.0	0.4600000000000001	0.0011793174558472157
5.0	0.47	0.1012565567348968
5.0	0.48	0.5153773072054023
5.0	0.49	1.441591151788997
5.0	0.5	2.9852046652768074
5.0	0.51	5.0640830992237404
5.0	0.52	7.374152398924349
5.0	0.53	9.448089197033651
5.0	0.54	10.796579058803449
5.0	0.55	11.07783711179021
5.0	0.56	10.22222850956265
5.0	0.57	8.456768664963564
5.0	0.58	6.220272424750935
5.0	0.59	4.009400948367561
5.0	0.6	2.2230378853727584
5.0	0.61	1.0651945755036165
5.0	0.62	0.5324773072794391
5.0	0.63	0.4719623678930013
5.0	0.64	0.6700038525907326
5.0	0.65	0.9311815932329064
5.0	0.66	1.1236922832004541
5.0	0.67	1.1890332929468719
5.0	0.68	1.1276548009626581
5.0	0.69	0.9747555671833028
5.0	0.7	0.7761048565648804
5.0	0.71	0.5694807341157364
5.0	0.72	0.3760535195601482
5.0	0.73	0.20552186002867492
5.0	0.74	0.07491058022970734
5.0	0.75	0.032807490590077315
5.0	0.76	0.17299844287469018
5.0	0.77	0.6210844833869318
5.0	0.78	1.4886500688689268
5.0	0.79	2.808320968995834
5.0	0.8	4.479340667119466
5.0	0.81	6.25605536337088
5.0	0.82	7.796412288729769
5.0	0.8300000000000001	8.76009744230261
5.0	0.8399999999999999	8.920058123520342
5.0	0.85	8.241079790417665
5.0	0.8600000000000001	6.891260570799904
5.0	0.8699999999999999	5.181384397970945
5.0	0.88	3.4589875731947206
5.0	0.8900000000000001	2.002587413298251
5.0	0.8999999999999999	0.9582701154536327
5.0	0.91	0.3381365326265991
5.0	0.9200000000000002	0.07010922796907892
5.0	0.9299999999999999	0.06640024170386039
5.0	0.94	0.27376400282103774
5.0	0.95	0.6830498571049496
5.0	0.96	1.2997513965057865
5.0	0.97	2.0982130839344673
5.0	0.98	2.9894976788002343
5.0	0.99	3.8239104788536027
5.0	1.0	4.429608128169808
5.0	1.01	4.669388561743825
5.0	1.02	4.4886372097223015
5.0	1.03	3.93257420973342
5.0	1.04	3.126844050738539
5.0	1.05	2.2332039173559446
5.0	1.06	1.402323994249653
5.0	1.07	0.743794700155931
5.0	1.08	0.3214371850992259
5.0	1.09	0.16730915926071102
5.0	1.1	0.2986993007290872
5.0	1.11	0.7235057621477754
5.0	1.12	1.4292290699370054
5.0	1.13	2.3630355740540883
5.0	1.14	3.4176547669643416
5.0	1.15	4.43622820606163
5.0	1.16	5.239966683456791
5.0	1.17	5.671134275265249
5.0	1.18	5.636657146562744
5.0	1.19	5.137768573871508
5.0	1.2	4.277292568364083
5.0	1.21	3.2441069505682822
5.0	1.22	2.2797790783391756
5.0	1.23	1.6339082443983484
5.0	1.24	1.5141622451690042
5.0	1.25	2.037417979141201
5.0	1.26	3.1911720943529023
5.0	1.27	4.817546269530078
5.0	1.28	6.631598569260657
5.0	1.29	8.278027834943655
5.0	1.3	9.416570748873909
5.0	1.31	9.812140625312718
5.0	1.32	9.39901117921299
5.0	1.33	8.294659911808612
5.0	1.34	6.757419374235478
5.0	1.35	5.1050296950741965
5.0	1.36	3.6273376444289753
5.0	1.37	2.5271493767351925
5.0	1.38	1.907667901966771
5.0	1.39	1.8007683505130054
5.0	1.4	2.210182639956486
5.0	1.41	3.1382121298312073
5.0	1.42	4.576798669843507
5.0	1.43	6.467031662767386
5.0	1.44	8.652716245688511
5.0	1.45	10.86147429774699
5.0	1.46	12.736208886587105
5.0	1.47	13.915655349136793
5.0	1.48	14.137342939385583
5.0	1.49	13.322531493010981
5.0	1.5	11.607597728608111
5.0	1.5099999999999998	9.307629957770146
5.0	1.52	6.825480060773225
5.0	1.53	4.540514817240626
5.0	1.54	2.716843787020391
5.0	1.5500000000000003	1.4596499426230722
5.0	1.56	0.7268220839966657
5.0	1.5699999999999998	0.3816763828449362
5.0	1.58	0.2601387249644369
5.0	1.59	0.22607702942455646
5.0	1.6	0.19909135694829272
5.0	1.6100000000000003	0.15349611537288996
5.0	1.62	0.09857569426969852
5.0	1.63	0.05438774628156104
5.0	1.64	0.03444696819303901
5.0	1.65	0.03975595823546294
5.0	1.6600000000000001	0.0620319161625586
5.0	1.67	0.09055528306027931
5.0	1.6799999999999997	0.11746798824345012
5.0	1.69	0.13918653483576013
5.0	1.7	0.15468171555845728
5.0	1.71	0.16303204331856325
5.0	1.7200000000000002	0.1624189733910264
5.0	1.73	0.15125632323306998
5.0	1.7399999999999998	0.13056703199229622
5.0	1.75	0.10593092418895449
5.0	1.76	0.08758632387964373
5.0	1.77	0.08824192257190319
5.0	1.7800000000000002	0.11924557316973566
5.0	1.79	0.18646275584611213
5.0	1.7999999999999998	0.2873308650351124
5.0	1.81	0.41014915535182167
5.0	1.82	0.5359605224956278
5.0	1.83	0.6426193281103921
5.0	1.8400000000000003	0.7100106191320806
5.0	1.85	0.7250300997948117
5.0	1.8599999999999999	0.6849449468648674
5.0	1.87	0.5981598508625976
5.0	1.88	0.48213138816280326
5.0	1.8900000000000001	0.3590079120205023
5.0	1.9	0.2502496065941816
5.0	1.9099999999999997	0.1717619171371498
5.0	1.92	0.13085189003027567
5.0	1.93	0.1256801909930469
5.0	1.94	0.14707749427486935
5.0	1.9500000000000002	0.18191615487841917
5.0	1.96	0.21689336473202328
5.0	1.9699999999999998	0.24165215095488515
5.0	1.98	0.25054875046814656
5.0	1.99	0.24288751564728583
5.0	2.0	0.22190468350842596
6.0	0.0	39.71819613953807
6.0	0.01	37.113369682755845
6.0	0.02	30.330529714382696
6.0	0.03	21.44534734279125
6.0	0.04	12.821250787787472
6.0	0.05	6.191510094886243
6.0	0.06	2.181861542557458
6.0	0.07	0.414070227536597
6.0	0.08	0.002070510413082353
6.0	0.09	0.09481486953018163
6.0	0.1	0.19149255192721487
6.0	0.11	0.159595858927658
6.0	0.12	0.06844330518943378
6.0	0.13	0.00839362384504478
6.0	0.14	0.003688211427370391
6.0	0.15	0.023690771260494778
6.0	0.16	0.03305266470461776
6.0	0.17	0.0230878576860595
6.0	0.18	0.007401999088917792
6.0	0.19	0.00040800569505859403
6.0	0.2	0.0037231950726916846
6.0	0.20999999999999996	0.00915902427704891
6.0	0.22	0.009611926221953943
6.0	0.23000000000000004	0.0053290300844087615
6.0	0.24	0.001315996155813097
6.0	0.25	0.001008872877212548
6.0	0.26	0.003262833844905644
6.0	0.27	0.004667305495960236
6.0	0.28	0.0036110790361228782
6.0	0.29	0.001633343965835825
6.0	0.3	0.0011757449403157307
6.0	0.31	0.0026469891471422122
6.0	0.32	0.004059104280811696
6.0	0.33	0.003500578250056359
6.0	0.34	0.0016230665447926754
6.0	0.35	0.0012294624482186952
6.0	0.36	0.004071787674632296
6.0	0.37	0.008181076777738872
6.0	0.38	0.009147522832099471
6.0	0.39	0.005114726713038524
6.0	0.4	0.0008291686056718444
6.0	0.41	0.0053175760435594365
6.0	0.41999999999999993	0.02268067677538628
6.0	0.43000000000000005	0.04324327095783114
6.0	0.44	0.046411490813237886
6.0	0.44999999999999996	0.021679398920159028
6.0	0.4600000000000001	0.0010079345164472028
6.0	0.47	0.08222801841960309
6.0	0.48	0.4199318235468578
6.0	0.49	1.1733183937700098
6.0	0.5	2.425005381388196
6.0	0.51	4.107080606915305
6.0	0.52	5.975790998432686
6.0	0.53	7.658326641498689
6.0	0.54	8.761993557698005
6.0	0.55	9.005245634721199
6.0	0.56	8.318296901381188
6.0	0.57	6.874165508411212
6.0	0.58	5.040926474822477
6.0	0.59	3.2765065655243433
6.0	0.6	2.004479421520585
6.0	0.61	1.5085833119646939
6.0	0.62	1.870626559620702
6.0	0.63	2.960638661105805
6.0	0.64	4.476133981899258
6.0	0.65	6.019775803494804
6.0	0.66	7.19866723087206
6.0	0.67	7.72245853017768
6.0	0.68	7.474062559496362
6.0	0.69	6.530892708448236
6.0	0.7	5.128561904954601
6.0	0.71	3.5792067083146946
6.0	0.72	2.1740839715451523
6.0	0.73	1.1056977075439534
6.0	0.74	0.43495740991518417
6.0	0.75	0.1084085849113621
6.0	0.76	0.009687769308705768
6.0	0.77	0.018034297489542547
6.0	0.78	0.04921736599027855
6.0	0.79	0.06741561906019314
6.0	0.8	0.07233155234094202
6.0	0.81	0.07605115640863229
6.0	0.82	0.08493974133107049
6.0	0.8300000000000001	0.09471247452950148
6.0	0.8399999999999999	0.09698418464078906
6.0	0.85	0.08882321328374802
6.0	0.8600000000000001	0.07641490924903996
6.0	0.8699999999999999	0.06944238914456599
6.0	0.88	0.07058589944733792
6.0	0.8900000000000001	0.06975414746881431
6.0	0.8999999999999999	0.05165548184163031
6.0	0.91	0.01772485849327715
6.0	0.9200000000000002	0.012777649196853435
6.0	0.9299999999999999	0.13916741807130167
6.0	0.94	0.5423075594748307
6.0	0.95	1.362868301397738
6.0	0.96	2.6686369998039794
6.0	0.97	4.394143913841598
6.0	0.98	6.319536887640796
6.0	0.99	8.10761300634735
6.0	1.0	9.393427197194113
6.0	1.01	9.895747476131572
6.0	1.02	9.506826127994351
6.0	1.03	8.32415931613662
6.0	1.04	6.612669244685694
6.0	1.05	4.716169027555306
6.0	1.06	2.9577782906427896
6.0	1.07	1.5697416395757617
6.0	1.08	0.6741246636531701
6.0	1.09	0.3079570983977694
6.0	1.1	0.4649184886143797
6.0	1.11	1.1219058801204427
6.0	1.12	2.2337768215243736
6.0	1.13	3.7036136252076757
6.0	1.14	5.354517868814925
6.0	1.15	6.931229167703904
6.0	1.16	8.144463863938453
6.0	1.17	8.7466696428891
6.0	1.18	8.608659010339682
6.0	1.19	7.76307098804733
6.0	1.2	6.394643175292103
6.0	1.21	4.781105927975595
6.0	1.22	3.209543062097554
6.0	1.23	1.9010150222629587
6.0	1.24	0.9685236966220845
6.0	1.25	0.4158132064815748
6.0	1.26	0.1671860536609544
6.0	1.27	0.1098570683793125
6.0	1.28	0.13257744591624263
6.0	1.29	0.15304216461496267
6.0	1.3	0.13474095240228556
6.0	1.31	0.09628186592470281
6.0	1.32	0.11285589967444529
6.0	1.33	0.3050804041630929
6.0	1.34	0.8105144152325588
6.0	1.35	1.7398586483026437
6.0	1.36	3.1300878844005666
6.0	1.37	4.913761411475087
6.0	1.38	6.921524242432694
6.0	1.39	8.922344624744392
6.0	1.4	10.688658343452216
6.0	1.41	12.060389624235473
6.0	1.42	12.98052814676932
6.0	1.43	13.487306168332792
6.0	1.44	13.668397444204304
6.0	1.45	13.60070911214503
6.0	1.46	13.305882540426936
6.0	1.47	12.74313131076699
6.0	1.48	11.841903550287135
6.0	1.49	10.556879086763132
6.0	1.5	8.917021734986124
6.0	1.5099999999999998	7.043839983583101
6.0	1.52	5.12934340043142
6.0	1.53	3.3833059707136774
6.0	1.54	1.972918317755414
6.0	1.5500000000000003	0.9797736170628613
6.0	1.56	0.3895729352491786
6.0	1.5699999999999998	0.11458861556513242
6.0	1.58	0.035518029200005505
6.0	1.59	0.04370670652941534
6.0	1.6	0.06816402346887103
6.0	1.6100000000000003	0.08122636918015497
6.0	1.62	0.08678891658953886
6.0	1.63	0.10109120134698246
6.0	1.64	0.13627640237858846
6.0	1.65	0.19264844208454035
6.0	1.6600000000000001	0.2598549756870584
6.0	1.67	0.3231518305729357
6.0	1.6799999999999997	0.36991261053021096
6.0	1.69	0.39319223247282586
6.0	1.7	0.3918055123262682
6.0	1.71	0.36837523761421453
6.0	1.7200000000000002	0.32730941157424287
6.0	1.73	0.27389409537591936
6.0	1.7399999999999998	0.2144755539542682
6.0	1.75	0.15688378443579837
6.0	1.76	0.11018657278049505
6.0	1.77	0.0833954312513148
6.0	1.7800000000000002	0.08342535415160421
6.0	1.79	0.11304095209085101
6.0	1.7999999999999998	0.16955209126282733
6.0	1.81	0.2447444012817021
6.0	1.82	0.3261376269845872
6.0	1.83	0.3993128298117225
6.0	1.8400000000000003	0.4508022390788137
6.0	1.85	0.4709018068738924
6.0	1.8599999999999999	0.45575590253744347
6.0	1.87	0.40820188470163304
6.0	1.88	0.3371548072635791
6.0	1.8900000000000001	0.25569828286460006
6.0	1.9	0.17839735219523506
6.0	1.9099999999999997	0.11852364567403799
6.0	1.92	0.08581485586874675
6.0	1.93	0.0851310502868793
6.0	1.94	0.11606270180801162
6.0	1.9500000000000002	0.1733368417542643
6.0	1.96	0.247820420443903
6.0	1.9699999999999998	0.32797948689657547
6.0	1.98	0.40169778718617283
6.0	1.99	0.4582957285984035
6.0	2.0	0.4904307427249067
7.0	0.0	39.91663420843495
7.0	0.01	37.29879657006693
7.0	0.02	30.48206572065697
7.0	0.03	21.552483960796035
7.0	0.04	12.885295110727304
7.0	0.05	6.222434463258751
7.0	0.06	2.1927600077669642
7.0	0.07	0.41613630946405433
7.0	0.08	0.0020671927778217205
7.0	0.09	0.09526357878196771
7.0	0.1	0.19242624580719767
7.0	0.11	0.1603843566424278
7.0	0.12	0.0687843096586675
7.0	0.13	0.008420838792253927
7.0	0.14	0.0036657362982266224
7.0	0.15	0.023757946098661865
7.0	0.16	0.033186717487746084
7.0	0.17	0.02319976547649683
7.0	0.18	0.007430081392542953
7.0	0.19	0.00035301028164711206
7.0	0.2	0.003637411295035383
7.0	0.20999999999999996	0.009108738828712135
7.0	0.22	0.009624798560030222
7.0	0.23000000000000004	0.005357838291934516
7.0	0.24	0.001265496897281266
7.0	0.25	0.0008280165782557906
7.0	0.26	0.003020563935482008
7.0	0.27	0.00450881004167905
7.0	0.28	0.0035982577603853837
7.0	0.29	0.0016251701774909603
7.0	0.3	0.0009195961591238849
7.0	0.31	0.002052185363607498
7.0	0.32	0.003375820822942308
7.0	0.33	0.003127556208808915
7.0	0.34	0.0016213472512849945
7.0	0.35	0.0010343066480169257
7.0	0.36	0.002877933813463039
7.0	0.37	0.005847769126715224
7.0	0.38	0.006712472155489523
7.0	0.39	0.003988188855981783
7.0	0.4	0.0008764560659550553
7.0	0.41	0.003601535564556471
7.0	0.41999999999999993	0.015004712076730306
7.0	0.43000000000000005	0.028610073941639766
7.0	0.44	0.030769249668578514
7.0	0.44999999999999996	0.014653740030614823
7.0	0.4600000000000001	0.0009544311795693797
7.0	0.47	0.05186443139189927
7.0	0.48	0.2639808313830309
7.0	0.49	0.7349198861431427
7.0	0.5	1.5136836018884852
7.0	0.51	2.5571833370989556
7.0	0.52	3.716570711024728
7.0	0.53	4.765294309690935
7.0	0.54	5.462186846502735
7.0	0.55	5.6275538345910565
7.0	0.56	5.205791403247798
7.0	0.57	4.294990607827399
7.0	0.58	3.136356338319711
7.0	0.59	2.0668997506112223
7.0	0.6	1.4446804859158973
7.0	0.61	1.559157597142284
7.0	0.62	2.543871032718255
7.0	0.63	4.3149570262224834
7.0	0.64	6.561458358233833
7.0	0.65	8.804587424935036
7.0	0.66	10.520620743245942
7.0	0.67	11.293306877868396
7.0	0.68	10.941605710674127
7.0	0.69	9.571295069089052
7.0	0.7	7.527623167003
7.0	0.71	5.26887709351905
7.0	0.72	3.215910021273479
7.0	0.73	1.6412188083202264
7.0	0.74	0.6380248225223804
7.0	0.75	0.16752002705451693
7.0	0.76	0.1441688030351593
7.0	0.77	0.5051413393620359
7.0	0.78	1.2266534487518521
7.0	0.79	2.285907166606124
7.0	0.8	3.6010288182168004
7.0	0.81	4.994010223308422
7.0	0.82	6.207363110246268
7.0	0.8300000000000001	6.973624154128639
7.0	0.8399999999999999	7.106548763238676
7.0	0.85	6.570308202695241
7.0	0.8600000000000001	5.493862633869638
7.0	0.8699999999999999	4.124621335850233
7.0	0.88	2.7435092568894417
7.0	0.8900000000000001	1.5786409766354839
7.0	0.8999999999999999	0.7510912018233846
7.0	0.91	0.2679289867991916
7.0	0.9200000000000002	0.055458588919356136
7.0	0.9299999999999999	0.010404482413870616
7.0	0.94	0.04433131261003517
7.0	0.95	0.10556748372620973
7.0	0.96	0.17683240756801286
7.0	0.97	0.25813350006212965
7.0	0.98	0.34854836430231884
7.0	0.99	0.43698674457573605
7.0	1.0	0.5044000392932856
7.0	1.01	0.5329324374308854
7.0	1.02	0.5146493459531352
7.0	1.03	0.45440888159055015
7.0	1.04	0.3661767659533179
7.0	1.05	0.26642384352565046
7.0	1.06	0.16964432941810276
7.0	1.07	0.08892840654417075
7.0	1.08	0.040483520014357545
7.0	1.09	0.0476951731573719
7.0	1.1	0.13991217574458234
7.0	1.11	0.3440016552371835
7.0	1.12	0.6711978275797679
7.0	1.13	1.1051867404502616
7.0	1.14	1.5976467974786888
7.0	1.15	2.0744093010277345
7.0	1.16	2.4508328844387597
7.0	1.17	2.651560467461103
7.0	1.18	2.629299425900083
7.0	1.19	2.3793038665350874
7.0	1.2	1.9486821365064215
7.0	1.21	1.4401374221676713
7.0	1.22	1.007656214136889
7.0	1.23	0.8389879200925225
7.0	1.24	1.1200760550012117
7.0	1.25	1.9824827170135693
7.0	1.26	3.445377263415437
7.0	1.27	5.373813604642858
7.0	1.28	7.477809909598399
7.0	1.29	9.367291807108316
7.0	1.3	10.657246425338672
7.0	1.31	11.093264245755384
7.0	1.32	10.65169941940463
7.0	1.33	9.570744641898065
7.0	1.34	8.29102723956778
7.0	1.35	7.319251891778989
7.0	1.36	7.06114875803409
7.0	1.37	7.6853469506604135
7.0	1.38	9.069724238041385
7.0	1.39	10.849718648670995
7.0	1.4	12.547738328983671
7.0	1.41	13.731816334747105
7.0	1.42	14.143261358849099
7.0	1.43	13.749933189262212
7.0	1.44	12.715132616437375
7.0	1.45	11.306306050485418
7.0	1.46	9.788013871636105
7.0	1.47	8.342693216363168
7.0	1.48	7.0437070042319565
7.0	1.49	5.878848084225431
7.0	1.5	4.801569526379755
7.0	1.5099999999999998	3.7801717975373452
7.0	1.52	2.8227902655892545
7.0	1.53	1.9721856087895797
7.0	1.54	1.2799834918103707
7.0	1.5500000000000003	0.7779077042365768
7.0	1.56	0.46145634694033383
7.0	1.5699999999999998	0.2923349002310443
7.0	1.58	0.21556853004934476
7.0	1.59	0.18084764919026483
7.0	1.6	0.15760218558228653
7.0	1.6100000000000003	0.1383046071567172
7.0	1.62	0.13110616772207395
7.0	1.63	0.14759399660393885
7.0	1.64	0.19238801259181718
7.0	1.65	0.25887392721301805
7.0	1.6600000000000001	0.33152569477798133
7.0	1.67	0.3921716641261306
7.0	1.6799999999999997	0.426477437350315
7.0	1.69	0.42783199816220424
7.0	1.7	0.39775540283630384
7.0	1.71	0.3436997611430398
7.0	1.7200000000000002	0.27592312332628466
7.0	1.73	0.204894530935111
7.0	1.7399999999999998	0.13987570364574015
7.0	1.75	0.08850445532977082
7.0	1.76	0.056774939647632534
7.0	1.77	0.048850796430229645
7.0	1.7800000000000002	0.06649184531142402
7.0	1.79	0.10827168733197366
7.0	1.7999999999999998	0.16901652223815403
7.0	1.81	0.23992118702958476
7.0	1.82	0.3096124339188682
7.0	1.83	0.36610872534558764
7.0	1.8400000000000003	0.3992796048760728
7.0	1.85	0.4031577648985432
7.0	1.8599999999999999	0.37740958599474994
7.0	1.87	0.3274735231475059
7.0	1.88	0.26328247001645466
7.0	1.8900000000000001	0.19695070400922793
7.0	1.9	0.14013801274443707
7.0	1.9099999999999997	0.10185798290474331
7.0	1.92	0.08725291627561671
7.0	1.93	0.09743560338669299
7.0	1.94	0.13010304238622805
7.0	1.9500000000000002	0.18044054684592972
7.0	1.96	0.24191932864990798
7.0	1.9699999999999998	0.30686204554746854
7.0	1.98	0.3669308350284192
7.0	1.99	0.4138129091032781
7.0	2.0	0.44027470377714917
8.0	0.0	42.5825092554107
8.0	0.01	39.789857256551755
8.0	0.02	32.51784828394464
8.0	0.03	22.991854176226227
8.0	0.04	13.745796248270143
8.0	0.05	6.637972202087208
8.0	0.06	2.3392105322236896
8.0	0.07	0.4439350154074959
8.0	0.08	0.0021637498873483584
8.0	0.09	0.10153582254138176
8.0	0.1	0.20519661868392963
8.0	0.11	0.17107469317004734
8.0	0.12	0.07339435951874977
8.0	0.13	0.0089561462663575
8.0	0.14	0.0037932931246314147
8.0	0.15	0.025189110754074744
8.0	0.16	0.0353115448137357
8.0	0.17	0.02475277575474011
8.0	0.18	0.007930146277148881
8.0	0.19	0.00025251145349156133
8.0	0.2	0.0036205254126361283
8.0	0.20999999999999996	0.009468194482370006
8.0	0.22	0.010177536955458434
8.0	0.23000000000000004	0.005743442153306628
8.0	0.24	0.001268057790716138
8.0	0.25	0.0005143828700944713
8.0	0.26	0.0026723543685040273
8.0	0.27	0.004404880751963799
8.0	0.28	0.003764777956689762
8.0	0.29	0.001749051315094902
8.0	0.3	0.000577758639262845
8.0	0.31	0.0011419789555869129
8.0	0.32	0.002335411344647446
8.0	0.33	0.0025925889965584988
8.0	0.34	0.0016930195979687152
8.0	0.35	0.0008911356178623481
8.0	0.36	0.001365104421370247
8.0	0.37	0.0027515377859822577
8.0	0.38	0.003432547804306642
8.0	0.39	0.0024279762530209346
8.0	0.4	0.0009674003661847243
8.0	0.41	0.0018056551611796397
8.0	0.41999999999999993	0.006324912747585497
8.0	0.43000000000000005	0.011916252003672943
8.0	0.44	0.012927488052185805
8.0	0.44999999999999996	0.00651108884712835
8.0	0.4600000000000001	0.0009282216092488668
8.0	0.47	0.02078067205512278
8.0	0.48	0.10373932046321277
8.0	0.49	0.2872623853924373
8.0	0.5	0.58962798709379
8.0	0.51	0.993869533022942
8.0	0.52	1.4430966005037529
8.0	0.53	1.8510226157135337
8.0	0.54	2.1249473864820465
8.0	0.55	2.1936361733606935
8.0	0.56	2.031665135811699
8.0	0.57	1.6741628673268385
8.0	0.58	1.2188305204228524
8.0	0.59	0.8136039861592188
8.0	0.6	0.6288142092479483
8.0	0.61	0.8148325305185018
8.0	0.62	1.4519937136959657
8.0	0.63	2.5076121007113494
8.0	0.64	3.8198211685341814
8.0	0.65	5.1237615016148315
8.0	0.66	6.12053584061986
8.0	0.67	6.56880766280165
8.0	0.68	6.363909237452562
8.0	0.69	5.570095048718134
8.0	0.7	4.390630972446846
8.0	0.71	3.0894924762784424
8.0	0.72	1.9021769869039464
8.0	0.73	0.9776972670675569
8.0	0.74	0.37554809137810974
8.0	0.75	0.10982069489297863
8.0	0.76	0.2054756708430743
8.0	0.77	0.725026742228111
8.0	0.78	1.7421502232193002
8.0	0.79	3.272190014591648
8.0	0.8	5.1991742371776635
8.0	0.81	7.247316059011794
8.0	0.82	9.02606971233828
8.0	0.8300000000000001	10.140797328532884
8.0	0.8399999999999999	10.325428638437815
8.0	0.85	9.538439463423376
8.0	0.8600000000000001	7.97773072056394
8.0	0.8699999999999999	6.006955819435806
8.0	0.88	4.027019308376204
8.0	0.8900000000000001	2.351057773507129
8.0	0.8999999999999999	1.1368650055697338
8.0	0.91	0.39986340775614404
8.0	0.9200000000000002	0.08828573583130081
8.0	0.9299999999999999	0.17148577209702975
8.0	0.94	0.6879538553155946
8.0	0.95	1.7237407575132224
8.0	0.96	3.331888031794435
8.0	0.97	5.438128638216353
8.0	0.98	7.789118518658714
8.0	0.99	9.980564920921283
8.0	1.0	11.563223539665076
8.0	1.01	12.185079721993558
8.0	1.02	11.70862335301653
8.0	1.03	10.252952030116814
8.0	1.04	8.145678144648494
8.0	1.05	5.810852377299912
8.0	1.06	3.645270207915634
8.0	1.07	1.9341379945168629
8.0	1.08	0.8307112591728771
8.0	1.09	0.38885833493415356
8.0	1.1	0.6122839885124199
8.0	1.11	1.4821866762512232
8.0	1.12	2.9455965935984794
8.0	1.13	4.876249498775085
8.0	1.14	7.040903425871363
8.0	1.15	9.104571608564937
8.0	1.16	10.688432477338006
8.0	1.17	11.465732491529407
8.0	1.18	11.25960637707105
8.0	1.19	10.10345662604209
8.0	1.2	8.24003723468446
8.0	1.21	6.060569236235398
8.0	1.22	4.007115212196924
8.0	1.23	2.470608228309906
8.0	1.24	1.7118985465081868
8.0	1.25	1.8198186136545402
8.0	1.26	2.707078992686137
8.0	1.27	4.137517435096046
8.0	1.28	5.7770207161338405
8.0	1.29	7.261255425248224
8.0	1.3	8.27181238491463
8.0	1.31	8.607535881628701
8.0	1.32	8.23305422169563
8.0	1.33	7.287160096778732
8.0	1.34	6.0429091406977005
8.0	1.35	4.82729908323366
8.0	1.36	3.9245505808534435
8.0	1.37	3.4952803950475766
8.0	1.38	3.5392659395524513
8.0	1.39	3.9131735377537273
8.0	1.4	4.393509776905275
8.0	1.41	4.758498860691802
8.0	1.42	4.8576596399677126
8.0	1.43	4.645979405190168
8.0	1.44	4.176162564037356
8.0	1.45	3.559483328619648
8.0	1.46	2.9159727519317356
8.0	1.47	2.334693797410645
8.0	1.48	1.8563848620961672
8.0	1.49	1.4789667141073015
8.0	1.5	1.1770486453911468
8.0	1.5099999999999998	0.9231898881475719
8.0	1.52	0.7014082943320649
8.0	1.53	0.5096149421075999
8.0	1.54	0.3536512621948595
8.0	1.5500000000000003	0.23871815963554863
8.0	1.56	0.16351800873566813
8.0	1.5699999999999998	0.11954494242266742
8.0	1.58	0.09467648701376959
8.0	1.59	0.07823210689550308
8.0	1.6	0.06459826309948966
8.0	1.6100000000000003	0.05390369226143356
8.0	1.62	0.05000825895739968
8.0	1.63	0.05727605596319606
8.0	1.64	0.0778083734176478
8.0	1.65	0.11018732657813475
8.0	1.6600000000000001	0.14985105689018507
8.0	1.67	0.19050869667751782
8.0	1.6799999999999997	0.2257743288098038
8.0	1.69	0.25041031506833566
8.0	1.7	0.260980457463487
8.0	1.71	0.2560587444710334
8.0	1.7200000000000002	0.236266656505984
8.0	1.73	0.20431914607507567
8.0	1.7399999999999998	0.16505462337270038
8.0	1.75	0.1252481355502286
8.0	1.76	0.09296319723748578
8.0	1.77	0.0763169556510397
8.0	1.7800000000000002	0.08177112556667832
8.0	1.79	0.11232103540292639
8.0	1.7999999999999998	0.16612533403762103
8.0	1.81	0.23611246617601558
8.0	1.82	0.3108893622016973
8.0	1.83	0.37691177610202065
8.0	1.8400000000000003	0.42146952175571273
8.0	1.85	0.4357366008272908
8.0	1.8599999999999999	0.41705240411588484
8.0	1.87	0.3697776238584735
8.0	1.88	0.3044550290474438
8.0	1.8900000000000001	0.23547419430498495
8.0	1.9	0.17783962426965438
8.0	1.9099999999999997	0.1438553769779512
8.0	1.92	0.14051989327604988
8.0	1.93	0.16820327988706496
8.0	1.94	0.220839485005922
8.0	1.9500000000000002	0.28750613035401384
8.0	1.96	0.35496707057019533
8.0	1.9699999999999998	0.4105686803716429
8.0	1.98	0.44483411325285815
8.0	1.99	0.4531931746942795
8.0	2.0	0.43650268758387595
