1.0	0.0	9.696933516472798
1.0	0.02	13.855050487708628
1.0	0.04	15.016446390131078
1.0	0.06	12.460182291684124
1.0	0.08	7.741830529954989
1.0	0.1	3.357421742289686
1.0	0.12	0.8332083172255536
1.0	0.14	0.0454421583992615
1.0	0.16	0.031157633773580475
1.0	0.18	0.0753836980479489
1.0	0.2	0.03339313013988946
1.0	0.22	0.0009264453303831809
1.0	0.24	0.007295458917733864
1.0	0.26	0.012819647525756176
1.0	0.28	0.00470613242838534
1.0	0.3	0.00013989842543451442
1.0	0.32	0.003118347742101149
1.0	0.34	0.00380360250707072
1.0	0.36	0.0009384676198614859
1.0	0.38	0.00042111661748895696
1.0	0.4	0.0019660549716063033
1.0	0.41999999999999993	0.0015444780206011926
1.0	0.44	0.00023347651551847552
1.0	0.4600000000000001	0.000984749112324398
1.0	0.48	0.0019708082308103132
1.0	0.5	0.0008182001833875098
1.0	0.52	0.00035976580376460696
1.0	0.54	0.0026557011978528065
1.0	0.56	0.0032427460209359512
1.0	0.58	0.00047879370044943476
1.0	0.6	0.002187945886531131
1.0	0.62	0.009539545783996203
1.0	0.64	0.008263380211580424
1.0	0.66	0.00010209150371093419
1.0	0.68	0.018214337693499557
1.0	0.7	0.058176856682698626
1.0	0.72	0.03951049633007553
1.0	0.74	0.009339778536221007
1.0	0.76	0.46434935209971095
1.0	0.78	2.232612343816854
1.0	0.8	5.636922744400945
1.0	0.82	9.653829772705958
1.0	0.8399999999999999	12.216999842876492
1.0	0.8600000000000001	11.757421685975107
1.0	0.88	8.56240080587765
1.0	0.8999999999999999	4.524430784625583
1.0	0.9200000000000002	1.5439486203424986
1.0	0.94	0.230560461645483
1.0	0.96	0.0006304819439752478
1.0	0.98	0.05534106939101639
1.0	1.0	0.04783211827729593
1.0	1.02	0.00805795169223718
1.0	1.04	0.0017340836608252055
1.0	1.06	0.010284985704191361
1.0	1.08	0.007121876252947112
1.0	1.1	0.000705656346771006
1.0	1.12	0.0013794022668753457
1.0	1.14	0.003257917764348839
1.0	1.16	0.0016860603589952897
1.0	1.18	0.0003675201217906293
1.0	1.2	0.0010103216525665106
1.0	1.22	0.0012641394896786857
1.0	1.24	0.0008150414622668691
1.0	1.26	0.0007780530175237268
1.0	1.28	0.0007096999046535985
1.0	1.3	0.0007323746762396225
1.0	1.32	0.0015974860745407982
1.0	1.34	0.0016512339540575894
1.0	1.36	0.0003954807539279547
1.0	1.38	0.0019876078121874815
1.0	1.4	0.005921607019252302
1.0	1.42	0.0038122618046697327
1.0	1.44	0.00052058031041192
1.0	1.46	0.016250463767409327
1.0	1.48	0.036261629399640484
1.0	1.5	0.012245582416770722
1.0	1.52	0.0355752806893068
1.0	1.54	0.5098884107599067
1.0	1.56	1.9266111260359766
1.0	1.58	4.230429931977121
1.0	1.6	6.455103822874448
1.0	1.62	7.282460504670603
1.0	1.64	6.161037553991057
1.0	1.6600000000000001	3.8222172339017617
1.0	1.6799999999999997	1.6102765921800095
1.0	1.7	0.3672625744813397
1.0	1.7200000000000002	0.012876441000123862
1.0	1.7399999999999998	0.020602907927613826
1.0	1.76	0.03500948556983948
1.0	1.7800000000000002	0.010744504011227273
1.0	1.7999999999999998	0.0001432943720145045
1.0	1.82	0.00541972563704988
1.0	1.8400000000000003	0.005237312941572034
1.0	1.8599999999999999	0.0007578223344903569
1.0	1.88	0.0008372514427488224
1.0	1.9	0.002427307077248697
1.0	1.92	0.0011131816258172923
1.0	1.94	0.0003503636813591967
1.0	1.96	0.0021272062445903336
1.0	1.98	0.002032839754800869
1.0	2.0	0.0001985819147157188
1.0	2.02	0.0043803418604386225
1.0	2.04	0.011094305592971152
1.0	2.06	0.003901553525399736
1.0	2.08	0.011920966075461533
1.0	2.1	0.1681136519242983
1.0	2.12	0.6282848758046844
1.0	2.14	1.3524294168622197
1.0	2.16	1.9993442939144057
1.0	2.18	2.152294761319251
1.0	2.2	1.7010226030140447
1.0	2.22	0.9532707733979325
1.0	2.24	0.3394353823245967
1.0	2.26	0.05322463671211032
1.0	2.28	4.0264117769642e-5
1.0	2.3	0.009920513780436837
1.0	2.32	0.0077368087048741915
1.0	2.34	0.0007812764989470014
1.0	2.36	0.0006882539158609951
1.0	2.38	0.0019056136972907616
1.0	2.4	0.0007400283790245178
1.0	2.42	1.8771895480904764e-5
1.0	2.44	0.00048666295924934923
1.0	2.46	0.00046657713305847247
1.0	2.48	5.111903827522748e-5
1.0	2.5	9.977959773900198e-5
1.0	2.52	0.00024281679052392193
1.0	2.54	9.137934877033563e-5
1.0	2.56	1.2737531687746141e-5
1.0	2.58	0.00010617481543678753
1.0	2.6	8.898632913882597e-5
1.0	2.62	9.087079055469414e-6
1.0	2.64	3.7480899751969734e-5
1.0	2.66	6.555075630294674e-5
1.0	2.68	1.9511002644555815e-5
1.0	2.7	1.026299668682782e-5
1.0	2.72	3.98748652692739e-5
1.0	2.74	2.4949591427821784e-5
1.0	2.76	3.763615038866598e-6
1.0	2.78	2.051965273786425e-5
1.0	2.8	2.3666223488251268e-5
1.0	2.82	5.056216901510538e-6
1.0	2.84	9.030911430820219e-6
1.0	2.86	1.8612722335741894e-5
1.0	2.88	7.593021941398074e-6
1.0	2.9	3.722508420271177e-6
1.0	2.92	1.2763465784464633e-5
1.0	2.94	8.930548690259107e-6
1.0	2.96	2.153591995833053e-6
1.0	2.98	7.853559839662776e-6
1.0	3.0	8.758783145255917e-6
1.0	3.0199999999999996	2.310408672949696e-6
1.0	3.04	4.464640170616905e-6
1.0	3.06	7.581599975129684e-6
1.0	3.08	2.9325640223888553e-6
1.0	3.1000000000000005	2.4834318815726207e-6
1.0	3.12	6.0093664500535245e-6
1.0	3.1399999999999997	3.414823878925671e-6
1.0	3.16	1.5200419068828286e-6
1.0	3.18	4.479324738220439e-6
1.0	3.2	3.5771059681934717e-6
1.0	3.2200000000000006	1.1670053140082116e-6
1.0	3.24	3.2124530919148578e-6
1.0	3.26	3.453172684368292e-6
1.0	3.28	1.1125186851470956e-6
1.0	3.3	2.2673597350842377e-6
1.0	3.3200000000000003	3.148851688297927e-6
1.0	3.34	1.161236250104655e-6
1.0	3.3599999999999994	1.6119878469281763e-6
1.0	3.38	2.767807156068361e-6
1.0	3.4	1.21219226541313e-6
1.0	3.42	1.1795546661209753e-6
1.0	3.4400000000000004	2.3839756059723255e-6
1.0	3.46	1.2258598877850467e-6
1.0	3.4799999999999995	9.016595123392676e-7
1.0	3.5	2.0392118673546856e-6
1.0	3.52	1.1957796845561814e-6
1.0	3.54	7.230220066062068e-7
1.0	3.5600000000000005	1.7509421032998916e-6
1.0	3.58	1.1293457607342487e-6
1.0	3.5999999999999996	6.049974952205618e-7
1.0	3.62	1.521377927334818e-6
1.0	3.64	1.036994225047364e-6
1.0	3.66	5.237879828923672e-7
1.0	3.6800000000000006	1.3447100445963277e-6
1.0	3.7	9.27338356137457e-7
1.0	3.7199999999999998	4.6704241416006016e-7
1.0	3.74	1.2114332168310992e-6
1.0	3.76	8.059378629786171e-7
1.0	3.7800000000000002	4.306011633121222e-7
1.0	3.8	1.1101619023918839e-6
1.0	3.8199999999999994	6.761742433922284e-7
1.0	3.84	4.157908646549992e-7
1.0	3.86	1.027715457040577e-6
1.0	3.88	5.414775510430377e-7
1.0	3.9000000000000004	4.268076542238411e-7
1.0	3.92	9.484848778613061e-7
1.0	3.9399999999999995	4.0855234670537916e-7
1.0	3.96	4.6720787306534084e-7
1.0	3.98	8.545283382131425e-7
1.0	4.0	2.909739141065028e-7
2.0	0.0	0.44227071902707954
2.0	0.02	0.6315682213868598
2.0	0.04	0.6845895606971985
2.0	0.06	0.5682763167062379
2.0	0.08	0.35305663088983924
2.0	0.1	0.15298209639326277
2.0	0.12	0.038018629242076316
2.0	0.14	0.002241655500832962
2.0	0.16	0.0014738481033246956
2.0	0.18	0.0033997775661482855
2.0	0.2	0.0015991666318659157
2.0	0.22	0.00018646729649467983
2.0	0.24	0.0003987179618707912
2.0	0.26	0.0006194069353627925
2.0	0.28	0.0003115255847925487
2.0	0.3	0.00015129540454578152
2.0	0.32	0.00029468637537801925
2.0	0.34	0.00029148810401798765
2.0	0.36	0.0001412739388227434
2.0	0.38	0.0002508017814252833
2.0	0.4	0.0004531063812777715
2.0	0.41999999999999993	0.00027299190210718766
2.0	0.44	0.00012425886358633482
2.0	0.4600000000000001	0.0006139062924526646
2.0	0.48	0.0009239982665780724
2.0	0.5	0.00030585750955196983
2.0	0.52	0.0003155882324403773
2.0	0.54	0.001866610096262722
2.0	0.56	0.0021439281056804768
2.0	0.58	0.00028026166601179266
2.0	0.6	0.0017019242577607596
2.0	0.62	0.007113269862528491
2.0	0.64	0.006118209027387375
2.0	0.66	8.993323900102293e-5
2.0	0.68	0.013873158453680496
2.0	0.7	0.04415571653775193
2.0	0.72	0.030002766077938458
2.0	0.74	0.0071572993018533095
2.0	0.76	0.3534213251545348
2.0	0.78	1.6992574991897458
2.0	0.8	4.290538329224407
2.0	0.82	7.348057641479442
2.0	0.8399999999999999	9.298919273169158
2.0	0.8600000000000001	8.949098061913087
2.0	0.88	6.517316783347583
2.0	0.8999999999999999	3.4438127596219976
2.0	0.9200000000000002	1.1751292025911189
2.0	0.94	0.17549475944351312
2.0	0.96	0.0005793057212022906
2.0	0.98	0.04215260509138807
2.0	1.0	0.03637099378296674
2.0	1.02	0.006215776194507806
2.0	1.04	0.0014609997049286373
2.0	1.06	0.007834733067325395
2.0	1.08	0.005429667221919425
2.0	1.1	0.0007455816708108021
2.0	1.12	0.0012308356363049263
2.0	1.14	0.0024623064363787713
2.0	1.16	0.0014278828574795191
2.0	1.18	0.0007133704946015792
2.0	1.2	0.0009787250809244403
2.0	1.22	0.0009572720412621638
2.0	1.24	0.001162644440879615
2.0	1.26	0.0014684414535240061
2.0	1.28	0.0007325936195131958
2.0	1.3	0.0008120893432668336
2.0	1.32	0.003041741357754374
2.0	1.34	0.003102059678144806
2.0	1.36	0.0003596622260867311
2.0	1.38	0.0036335717440124085
2.0	1.4	0.011527306027990604
2.0	1.42	0.007279853208515723
2.0	1.44	0.0007719463405519864
2.0	1.46	0.03154973816871848
2.0	1.48	0.07054534396194596
2.0	1.5	0.02369275349891553
2.0	1.52	0.06909058468653054
2.0	1.54	0.9919664622042184
2.0	1.56	3.7480960585361776
2.0	1.58	8.229978688791194
2.0	1.6	12.558034728372448
2.0	1.62	14.167668286573809
2.0	1.64	11.9859302655415
2.0	1.6600000000000001	7.435876570216088
2.0	1.6799999999999997	3.132747500480091
2.0	1.7	0.7145062219560754
2.0	1.7200000000000002	0.025010823541262394
2.0	1.7399999999999998	0.040126662150522616
2.0	1.76	0.06820153571376353
2.0	1.7800000000000002	0.020893913955292113
2.0	1.7999999999999998	0.0003103185855421174
2.0	1.82	0.010754423774549366
2.0	1.8400000000000003	0.010310366538583953
2.0	1.8599999999999999	0.001463143500114611
2.0	1.88	0.0019666201433215375
2.0	1.9	0.005277839688070606
2.0	1.92	0.002248342141147125
2.0	1.94	0.0010012664509383865
2.0	1.96	0.005846800518429785
2.0	1.98	0.005337202665126109
2.0	2.0	0.00039603844738157485
2.0	2.02	0.013064283166273406
2.0	2.04	0.032932153086354714
2.0	2.06	0.011449949374125792
2.0	2.08	0.03575235769595541
2.0	2.1	0.5045420988447329
2.0	2.12	1.885882913023986
2.0	2.14	4.0598718701096566
2.0	2.16	6.001924945714757
2.0	2.18	6.460994621254073
2.0	2.2	5.106318492511248
2.0	2.22	2.86166313005136
2.0	2.24	1.0189214000072562
2.0	2.26	0.1597026051746962
2.0	2.28	8.936985389900392e-5
2.0	2.3	0.029759870519736775
2.0	2.32	0.0231760700892107
2.0	2.34	0.002308196334038552
2.0	2.36	0.002051960834532624
2.0	2.38	0.005693029094019356
2.0	2.4	0.0021880537966266875
2.0	2.42	4.063512597649349e-5
2.0	2.44	0.0014457524376249409
2.0	2.46	0.0013755365130906278
2.0	2.48	0.00013624671060368594
2.0	2.5	0.0002891095207477218
2.0	2.52	0.0007118598411741425
2.0	2.54	0.0002580682361067978
2.0	2.56	2.896093420027143e-5
2.0	2.58	0.00030716951619848276
2.0	2.6	0.00025345467385062565
2.0	2.62	1.834813942391294e-5
2.0	2.64	0.00010404415615156921
2.0	2.66	0.00018588320712992174
2.0	2.68	5.025946521082333e-5
2.0	2.7	2.4009922933502484e-5
2.0	2.72	0.00011103734755420375
2.0	2.74	6.748029285756426e-5
2.0	2.76	5.5907743379784055e-6
2.0	2.78	5.4541438544749795e-5
2.0	2.8	6.450546093011196e-5
2.0	2.82	1.0359135362688696e-5
2.0	2.84	2.126753198163134e-5
2.0	2.86	5.002661353693788e-5
2.0	2.88	1.8707880418429048e-5
2.0	2.9	6.371990915605752e-6
2.0	2.92	3.29897272761817e-5
2.0	2.94	2.3247783882719182e-5
2.0	2.96	2.6129769448045064e-6
2.0	2.98	1.8709271006097944e-5
2.0	3.0	2.3030911050968375e-5
2.0	3.0199999999999996	3.925729609488077e-6
2.0	3.04	9.022604832995534e-6
2.0	3.06	1.9619435504196866e-5
2.0	3.08	6.475257317683415e-6
2.0	3.1000000000000005	3.62110412741607e-6
2.0	3.12	1.4930752609627076e-5
2.0	3.1399999999999997	8.415333093205158e-6
2.0	3.16	1.312451354733238e-6
2.0	3.18	1.0356911725280407e-5
2.0	3.2	9.214874935627307e-6
2.0	3.2200000000000006	8.272061988939332e-7
2.0	3.24	6.610973548696876e-6
2.0	3.26	9.014301440730254e-6
2.0	3.28	1.1854821163037308e-6
2.0	3.3	3.885211449081756e-6
2.0	3.3200000000000003	8.181699831719551e-6
2.0	3.34	1.7735656745467456e-6
2.0	3.3599999999999994	2.0754201296875986e-6
2.0	3.38	7.074824109613399e-6
2.0	3.4	2.279751369262668e-6
2.0	3.42	9.613456833294255e-7
2.0	3.4400000000000004	5.950561455138108e-6
2.0	3.46	2.5905149478423926e-6
2.0	3.4799999999999995	3.1628497556744295e-7
2.0	3.5	4.95662492074204e-6
2.0	3.52	2.6983196123710005e-6
2.0	3.54	-4.260056312872078e-8
2.0	3.5600000000000005	4.157013123085223e-6
2.0	3.58	2.6378611747209552e-6
2.0	3.5999999999999996	-2.411764485726305e-7
2.0	3.62	3.5631676803676785e-6
2.0	3.64	2.4496216491167214e-6
2.0	3.66	-3.5314179926458134e-7
2.0	3.6800000000000006	3.1582470327545637e-6
2.0	3.7	2.1634116716919573e-6
2.0	3.7199999999999998	-4.102851192012615e-7
2.0	3.74	2.9109936291450568e-6
2.0	3.76	1.7947761557360134e-6
2.0	3.7800000000000002	-4.1222083370245133e-7
2.0	3.8	2.7798870068098303e-6
2.0	3.8199999999999994	1.3498313629004822e-6
2.0	3.84	-3.3465079865805744e-7
2.0	3.86	2.7100727121976257e-6
2.0	3.88	8.369258658310104e-7
2.0	3.9000000000000004	-1.3900722686749355e-7
2.0	3.92	2.6272331167396777e-6
2.0	3.9399999999999995	2.8477249953323116e-7
2.0	3.96	2.1083183793287607e-7
2.0	3.98	2.435827861574167e-6
2.0	4.0	-2.3556762839348236e-7
3.0	0.0	7.121608550534918
3.0	0.02	10.175013516031711
3.0	0.04	11.028176121496442
3.0	0.06	9.151115862959788
3.0	0.08	5.685646477947748
3.0	0.1	2.4654664981808203
3.0	0.12	0.6119373079017041
3.0	0.14	0.033543806384255144
3.0	0.16	0.022750545281428215
3.0	0.18	0.05513564611199153
3.0	0.2	0.024598775991319394
3.0	0.22	0.00077686635879884
3.0	0.24	0.005135213872314687
3.0	0.26	0.009216383880234772
3.0	0.28	0.0035604603705978607
3.0	0.3	9.44700308268398e-5
3.0	0.32	0.0019501088472404977
3.0	0.34	0.002609702880854115
3.0	0.36	0.0008004291991707649
3.0	0.38	0.00011890166616325789
3.0	0.4	0.0008974563161269366
3.0	0.41999999999999993	0.0009499499068164075
3.0	0.44	0.0002444836551514463
3.0	0.4600000000000001	0.00011370575721612392
3.0	0.48	0.000456122054437259
3.0	0.5	0.00041430458208846076
3.0	0.52	0.00010417324818127475
3.0	0.54	8.64231615445282e-5
3.0	0.56	0.00025441771171823746
3.0	0.58	0.0002177879460358357
3.0	0.6	5.857629724334023e-5
3.0	0.62	6.376219874125803e-5
3.0	0.64	0.00016678368647220476
3.0	0.66	0.00013881291263335356
3.0	0.68	4.855470171096469e-5
3.0	0.7	9.258392970938918e-5
3.0	0.72	0.00016109250215324072
3.0	0.74	0.00011181574312863315
3.0	0.76	0.00046759630944017886
3.0	0.78	0.002227428369385288
3.0	0.8	0.005660908728667794
3.0	0.82	0.009576912249602727
3.0	0.8399999999999999	0.012013114129030217
3.0	0.8600000000000001	0.011610413397679042
3.0	0.88	0.008550197674063183
3.0	0.8999999999999999	0.0045126304896759145
3.0	0.9200000000000002	0.0015079202593428335
3.0	0.94	0.00030890125150690004
3.0	0.96	0.0001521424305228521
3.0	0.98	9.58758781747866e-5
3.0	1.0	4.739606387303954e-5
3.0	1.02	0.00016241438694441886
3.0	1.04	0.00018678617850876594
3.0	1.06	2.667958092343347e-5
3.0	1.08	6.0070641386770225e-5
3.0	1.1	0.00029078947436581677
3.0	1.12	0.0002260412708307222
3.0	1.14	-4.1217956919020035e-6
3.0	1.16	0.00021646551934900054
3.0	1.18	0.0005507803545366059
3.0	1.2	0.00025729379883683226
3.0	1.22	1.5095901494771338e-5
3.0	1.24	0.0006954070775953684
3.0	1.26	0.0010786573201023335
3.0	1.28	0.00023682774451814936
3.0	1.3	0.0003371807176444046
3.0	1.32	0.0022515586261266456
3.0	1.34	0.002248765269596407
3.0	1.36	7.973074743310679e-5
3.0	1.38	0.002614298740317646
3.0	1.4	0.008560388148820548
3.0	1.42	0.005322880084808175
3.0	1.44	0.00047791427362451814
3.0	1.46	0.0233626111558175
3.0	1.48	0.05222207613272453
3.0	1.5	0.01747285408764273
3.0	1.52	0.05111514296846001
3.0	1.54	0.7341059521270278
3.0	1.56	2.7735556674642483
3.0	1.58	6.090086639509734
3.0	1.6	9.292911167111294
3.0	1.62	10.484025767365623
3.0	1.64	8.869465445098594
3.0	1.6600000000000001	5.502539421659646
3.0	1.6799999999999997	2.318374305674649
3.0	1.7	0.5287832665841214
3.0	1.7200000000000002	0.018511376484676816
3.0	1.7399999999999998	0.029933118666730818
3.0	1.76	0.050741210602884744
3.0	1.7800000000000002	0.015469341732963498
3.0	1.7999999999999998	0.0004255428825662574
3.0	1.82	0.00861358184517065
3.0	1.8400000000000003	0.007975927369047906
3.0	1.8599999999999999	0.0011060312888046156
3.0	1.88	0.0025011492540621383
3.0	1.9	0.005512883354817183
3.0	1.92	0.001911008264027266
3.0	1.94	0.001720820643959441
3.0	1.96	0.009272758006050272
3.0	1.98	0.007915968948899461
3.0	2.0	0.0003487492735626874
3.0	2.02	0.02276204455344293
3.0	2.04	0.05696600663889291
3.0	2.06	0.019556627532659646
3.0	2.08	0.06255941893185434
3.0	2.1	0.8829809476126089
3.0	2.12	3.3008118376507536
3.0	2.14	7.106596910175042
3.0	2.16	10.506209531052354
3.0	2.18	11.309621395561745
3.0	2.2	8.938329987450638
3.0	2.22	5.00926493415936
3.0	2.24	1.783526734819971
3.0	2.26	0.2794128530932957
3.0	2.28	0.0001083689145757755
3.0	2.3	0.052081209217677414
3.0	2.32	0.04048359304940523
3.0	2.34	0.003970690150176721
3.0	2.36	0.003585546435518538
3.0	2.38	0.009930309433678836
3.0	2.4	0.0037655040957172954
3.0	2.42	5.081711935341349e-5
3.0	2.44	0.002522219865951161
3.0	2.46	0.002364214364002249
3.0	2.48	0.00020672944457276866
3.0	2.5	0.0005030679345379361
3.0	2.52	0.0012245169900820003
3.0	2.54	0.00041897049367203105
3.0	2.56	4.253061328177123e-5
3.0	2.58	0.0005304929151580086
3.0	2.6	0.00041820868410519035
3.0	2.62	1.759274202166044e-5
3.0	2.64	0.000180220170831322
3.0	2.66	0.0003100125911428517
3.0	2.68	7.073203498241974e-5
3.0	2.7	3.927050495605819e-5
3.0	2.72	0.00018736229820864327
3.0	2.74	0.0001023840505517596
3.0	2.76	3.921921707135474e-6
3.0	2.78	9.320796346147448e-5
3.0	2.8	0.00010123896733855478
3.0	2.82	9.70607327695926e-6
3.0	2.84	3.6330695669190994e-5
3.0	2.86	8.045182812174858e-5
3.0	2.88	2.3471545881473283e-5
3.0	2.9	9.539649486512645e-6
3.0	2.92	5.4271560848928486e-5
3.0	2.94	3.22117818449169e-5
3.0	2.96	1.5165537641043672e-6
3.0	2.98	3.147021435889673e-5
3.0	3.0	3.361011483364012e-5
3.0	3.0199999999999996	2.5735919474027675e-6
3.0	3.04	1.5386836354897435e-5
3.0	3.06	2.9685977466876128e-5
3.0	3.08	6.4055914889432734e-6
3.0	3.1000000000000005	5.909034799444418e-6
3.0	3.12	2.3293979045775897e-5
3.0	3.1399999999999997	9.80180040648029e-6
3.0	3.16	1.4071947017454506e-6
3.0	3.18	1.6638696901539056e-5
3.0	3.2	1.1656643673708907e-5
3.0	3.2200000000000006	2.4597895651278497e-9
3.0	3.24	1.0944695795500962e-5
3.0	3.26	1.199425863138658e-5
3.0	3.28	1.7392386757875417e-7
3.0	3.3	6.639820284342571e-6
3.0	3.3200000000000003	1.1275963411125795e-5
3.0	3.34	9.192651379849932e-7
3.0	3.3599999999999994	3.669618451490447e-6
3.0	3.38	1.0011571071185054e-5
3.0	3.4	1.688595501893466e-6
3.0	3.42	1.7659266385383394e-6
3.0	3.4400000000000004	8.595289107756e-6
3.0	3.46	2.2442638438563326e-6
3.0	3.4799999999999995	6.191181687632329e-7
3.0	3.5	7.272335117321649e-6
3.0	3.52	2.527489726001566e-6
3.0	3.54	-3.580011300575541e-8
3.0	3.5600000000000005	6.164073673061336e-6
3.0	3.58	2.56155993623178e-6
3.0	3.5999999999999996	-3.901819701534274e-7
3.0	3.62	5.308093476319643e-6
3.0	3.64	2.393566356560331e-6
3.0	3.66	-5.625576707525453e-7
3.0	3.6800000000000006	4.692324759681077e-6
3.0	3.7	2.0660186235676134e-6
3.0	3.7199999999999998	-6.108096134914898e-7
3.0	3.74	4.276249744552685e-6
3.0	3.76	1.6086543398825067e-6
3.0	3.7800000000000002	-5.463523627335855e-7
3.0	3.8	3.999350118416917e-6
3.0	3.8199999999999994	1.0437343844244025e-6
3.0	3.84	-3.482236253897296e-7
3.0	3.86	3.780404589910735e-6
3.0	3.88	4.014185117418623e-7
3.0	3.9000000000000004	1.9649573061066295e-8
3.0	3.92	3.5141685685365103e-6
3.0	3.9399999999999995	-2.5714631062139735e-7
3.0	3.96	5.814136206338253e-7
3.0	3.98	3.076356846161903e-6
3.0	4.0	-8.15229905327262e-7
4.0	0.0	3.501141945409689
4.0	0.02	5.002256249420801
4.0	0.04	5.421828448633563
4.0	0.06	4.499002625927028
4.0	0.08	2.7951814367355503
4.0	0.1	1.2121075443282947
4.0	0.12	0.30095058065444785
4.0	0.14	0.016537202452189065
4.0	0.16	0.01118984411260933
4.0	0.18	0.027191046299808355
4.0	0.2	0.012189444990657347
4.0	0.22	0.0004122195950011133
4.0	0.24	0.002604974406106768
4.0	0.26	0.004680507739091449
4.0	0.28	0.0018216942093717038
4.0	0.3	0.00010803469219114808
4.0	0.32	0.0011836553864196485
4.0	0.34	0.0014974141124701325
4.0	0.36	0.0004354203262307735
4.0	0.38	0.00026238015669747264
4.0	0.4	0.0009414377993929117
4.0	0.41999999999999993	0.0007424746329445658
4.0	0.44	0.0001662585591801574
4.0	0.4600000000000001	0.0007052946149395262
4.0	0.48	0.0012950862146787188
4.0	0.5	0.0005179274782372294
4.0	0.52	0.00032192039163049416
4.0	0.54	0.0021452137797742304
4.0	0.56	0.00258471285190828
4.0	0.58	0.0003723403022193586
4.0	0.6	0.0018842569369836128
4.0	0.62	0.00811096428321735
4.0	0.64	0.007033757681261757
4.0	0.66	9.44956119944402e-5
4.0	0.68	0.01570465170442832
4.0	0.7	0.0501572808061328
4.0	0.72	0.03409158898509801
4.0	0.74	0.008078891664597979
4.0	0.76	0.40109290569851835
4.0	0.78	1.9286273566083123
4.0	0.8	4.869580269523382
4.0	0.82	8.339687062994713
4.0	0.8399999999999999	10.553895332909093
4.0	0.8600000000000001	10.156887749443866
4.0	0.88	7.396829611238949
4.0	0.8999999999999999	3.9085159148314066
4.0	0.9200000000000002	1.3337327117657154
4.0	0.94	0.19914930144772428
4.0	0.96	0.0005261640888029179
4.0	0.98	0.047773591165642504
4.0	1.0	0.04128777965826514
4.0	1.02	0.00692686757521135
4.0	1.04	0.0014497299982197164
4.0	1.06	0.008849099822247112
4.0	1.08	0.0061204327132731
4.0	1.1	0.0005281000816941127
4.0	1.12	0.0011051713781252488
4.0	1.14	0.0027895496803788332
4.0	1.16	0.0013810754567645629
4.0	1.18	0.0001202877680265005
4.0	1.2	0.0007525332222729492
4.0	1.22	0.001073226731864092
4.0	1.24	0.0004411315329482471
4.0	1.26	0.00022726222474279837
4.0	1.28	0.0004907990407903714
4.0	1.3	0.0005004761613144346
4.0	1.32	0.000439763318924648
4.0	1.34	0.00043732331247596024
4.0	1.36	0.00029658206591117315
4.0	1.38	0.0006097199754695587
4.0	1.4	0.0013551094977508245
4.0	1.42	0.0009064368208432507
4.0	1.44	0.0002630331869837148
4.0	1.46	0.003690931002712527
4.0	1.48	0.007995060139923803
4.0	1.5	0.002745857581263209
4.0	1.52	0.007946876104736334
4.0	1.54	0.11184199239628642
4.0	1.56	0.4221106503045588
4.0	1.58	0.9268746980985453
4.0	1.6	1.4143882299019501
4.0	1.62	1.5955629764664807
4.0	1.64	1.3497562293301604
4.0	1.6600000000000001	0.8375678809422565
4.0	1.6799999999999997	0.353150002284866
4.0	1.7	0.08058090155698067
4.0	1.7200000000000002	0.0028934329386650177
4.0	1.7399999999999998	0.0050747838903567755
4.0	1.76	0.00824930006492873
4.0	1.7800000000000002	0.0023920487462295737
4.0	1.7999999999999998	0.0005015193833757342
4.0	1.82	0.0026029923750624756
4.0	1.8400000000000003	0.00188414935581017
4.0	1.8599999999999999	0.00024601436933810054
4.0	1.88	0.002447227512152255
4.0	1.9	0.003961370401015481
4.0	1.92	0.0007780250832400509
4.0	1.94	0.0021969166320580354
4.0	1.96	0.011031807335992497
4.0	1.98	0.008904413197068332
4.0	2.0	0.00017737759454980562
4.0	2.02	0.02891645214147015
4.0	2.04	0.07197211512777787
4.0	2.06	0.024502258637898948
4.0	2.08	0.07965027384726024
4.0	2.1	1.1240536617242223
4.0	2.12	4.202284975760059
4.0	2.14	9.048050994225692
4.0	2.16	13.376529476661847
4.0	2.18	14.399274394072178
4.0	2.2	11.38017031468676
4.0	2.22	6.377812460916741
4.0	2.24	2.270739441407138
4.0	2.26	0.35562968775368287
4.0	2.28	0.00010432437202304847
4.0	2.3	0.06631006176236118
4.0	2.32	0.05147416111838107
4.0	2.34	0.0049983177396884125
4.0	2.36	0.004568817427269221
4.0	2.38	0.0126192373746018
4.0	2.4	0.004739331876894456
4.0	2.42	5.25841359129922e-5
4.0	2.44	0.003211551279769682
4.0	2.46	0.002973958970079064
4.0	2.48	0.00023760168465491142
4.0	2.5	0.0006447817406954176
4.0	2.52	0.0015438819655744702
4.0	2.54	0.000505057182667866
4.0	2.56	5.162423785852239e-5
4.0	2.58	0.0006742247292225728
4.0	2.6	0.0005104788927461035
4.0	2.62	1.1703167729552723e-5
4.0	2.64	0.0002330503220227096
4.0	2.66	0.00038273943326574907
4.0	2.68	7.51346475821114e-5
4.0	2.7	5.177130605809232e-5
4.0	2.72	0.00023527573863871444
4.0	2.74	0.00011612048489412009
4.0	2.76	2.335835916584675e-6
4.0	2.78	0.00012034783939452141
4.0	2.8	0.0001186198489485203
4.0	2.82	5.824593175241547e-6
4.0	2.84	4.9095085267046994e-5
4.0	2.86	9.706778601900775e-5
4.0	2.88	2.152796642917986e-5
4.0	2.9	1.3644799375288871e-5
4.0	2.92	6.785113814172478e-5
4.0	2.94	3.2956414937037774e-5
4.0	2.96	1.127119776067115e-6
4.0	2.98	4.1341454286783046e-5
4.0	3.0	3.6456886697198255e-5
4.0	3.0199999999999996	3.6218454182766965e-7
4.0	3.04	2.1793605686018745e-5
4.0	3.06	3.373115669820988e-5
4.0	3.08	3.898795732247632e-6
4.0	3.1000000000000005	9.503512608914807e-6
4.0	3.12	2.7739908569564737e-5
4.0	3.1399999999999997	7.744809171239305e-6
4.0	3.16	2.938558206082994e-6
4.0	3.18	2.09267962665627e-5
4.0	3.2	1.0310504941077106e-5
4.0	3.2200000000000006	1.5149366140877e-7
4.0	3.24	1.4756931093154057e-5
4.0	3.26	1.1351844952516116e-5
4.0	3.28	-5.17257872478121e-7
4.0	3.3	9.848730797336606e-6
4.0	3.3200000000000003	1.1206091430966748e-5
4.0	3.34	-2.219065670002883e-7
4.0	3.3599999999999994	6.27657576242941e-6
4.0	3.38	1.0346432383599318e-5
4.0	3.4	3.5307161825730364e-7
4.0	3.42	3.846285255446594e-6
4.0	3.4400000000000004	9.1766010591656e-6
4.0	3.46	8.655130600897132e-7
4.0	3.4799999999999995	2.2812875778394654e-6
4.0	3.5	7.96994677776899e-6
4.0	3.52	1.1840968332905576e-6
4.0	3.54	1.3231188225066055e-6
4.0	3.5600000000000005	6.87815623302939e-6
4.0	3.58	1.2878552169994338e-6
4.0	3.5999999999999996	7.719711202449319e-7
4.0	3.62	5.963125325610007e-6
4.0	3.64	1.202364291244788e-6
4.0	3.66	4.933095222519178e-7
4.0	3.6800000000000006	5.228468647823567e-6
4.0	3.7	9.66103360573187e-7
4.0	3.7199999999999998	4.089992465388142e-7
4.0	3.74	4.641885041715467e-6
4.0	3.76	6.180152720686219e-7
4.0	3.7800000000000002	4.829321394773289e-7
4.0	3.8	4.147649619620936e-6
4.0	3.8199999999999994	1.989552738851028e-7
4.0	3.84	7.043940228209386e-7
4.0	3.86	3.6727256172832195e-6
4.0	3.88	-2.381825729575265e-7
4.0	3.9000000000000004	1.0679604938292314e-6
4.0	3.92	3.1328863911144434e-6
4.0	3.9399999999999995	-6.147411281103071e-7
4.0	3.96	1.547071110148577e-6
4.0	3.98	2.4479778804820718e-6
4.0	4.0	-8.175919861331838e-7
5.0	0.0	3.501141945409693
5.0	0.02	5.002256249420808
5.0	0.04	5.421828448633564
5.0	0.06	4.49900262592703
5.0	0.08	2.795181436735553
5.0	0.1	1.2121075443282918
5.0	0.12	0.3009505806544441
5.0	0.14	0.016537202452188378
5.0	0.16	0.011189844112611591
5.0	0.18	0.027191046299813112
5.0	0.2	0.012189444990663328
5.0	0.22	0.0004122195950025736
5.0	0.24	0.002604974406105372
5.0	0.26	0.004680507739090639
5.0	0.28	0.0018216942093700495
5.0	0.3	0.00010803469219024362
5.0	0.32	0.0011836553864205802
5.0	0.34	0.0014974141124711082
5.0	0.36	0.0004354203262299858
5.0	0.38	0.00026238015669540366
5.0	0.4	0.0009414377993921617
5.0	0.41999999999999993	0.0007424746329463944
5.0	0.44	0.00016625855918215077
5.0	0.4600000000000001	0.0007052946149426606
5.0	0.48	0.0012950862146781255
5.0	0.5	0.0005179274782385172
5.0	0.52	0.000321920391629546
5.0	0.54	0.002145213779773984
5.0	0.56	0.0025847128519064177
5.0	0.58	0.00037234030221598545
5.0	0.6	0.0018842569369802162
5.0	0.62	0.00811096428321836
5.0	0.64	0.007033757681264721
5.0	0.66	9.449561199646975e-5
5.0	0.68	0.015704651704429237
5.0	0.7	0.05015728080613347
5.0	0.72	0.034091588985099106
5.0	0.74	0.008078891664595965
5.0	0.76	0.4010929056985155
5.0	0.78	1.9286273566083147
5.0	0.8	4.8695802695233885
5.0	0.82	8.339687062994736
5.0	0.8399999999999999	10.553895332909098
5.0	0.8600000000000001	10.15688774944387
5.0	0.88	7.396829611238933
5.0	0.8999999999999999	3.908515914831401
5.0	0.9200000000000002	1.3337327117657096
5.0	0.94	0.19914930144771764
5.0	0.96	0.0005261640887962224
5.0	0.98	0.047773591165636155
5.0	1.0	0.041287779658261976
5.0	1.02	0.006926867575213046
5.0	1.04	0.0014497299982232214
5.0	1.06	0.008849099822249486
5.0	1.08	0.0061204327132756645
5.0	1.1	0.0005281000816943396
5.0	1.12	0.0011051713781242008
5.0	1.14	0.002789549680378323
5.0	1.16	0.0013810754567628678
5.0	1.18	0.00012028776802669557
5.0	1.2	0.0007525332222739662
5.0	1.22	0.0010732267318645872
5.0	1.24	0.00044113153294759083
5.0	1.26	0.00022726222474174016
5.0	1.28	0.0004907990407886668
5.0	1.3	0.0005004761613134453
5.0	1.32	0.0004397633189239873
5.0	1.34	0.00043732331247581415
5.0	1.36	0.00029658206590964573
5.0	1.38	0.0006097199754694578
5.0	1.4	0.0013551094977509335
5.0	1.42	0.0009064368208441792
5.0	1.44	0.0002630331869839436
5.0	1.46	0.003690931002712544
5.0	1.48	0.007995060139924298
5.0	1.5	0.002745857581265097
5.0	1.52	0.00794687610473746
5.0	1.54	0.11184199239628843
5.0	1.56	0.42211065030455863
5.0	1.58	0.9268746980985438
5.0	1.6	1.414388229901952
5.0	1.62	1.5955629764664836
5.0	1.64	1.3497562293301595
5.0	1.6600000000000001	0.8375678809422498
5.0	1.6799999999999997	0.3531500022848608
5.0	1.7	0.08058090155698039
5.0	1.7200000000000002	0.00289343293866801
5.0	1.7399999999999998	0.005074783890359053
5.0	1.76	0.008249300064927896
5.0	1.7800000000000002	0.002392048746227601
5.0	1.7999999999999998	0.0005015193833727648
5.0	1.82	0.002602992375060652
5.0	1.8400000000000003	0.0018841493558095321
5.0	1.8599999999999999	0.0002460143693396938
5.0	1.88	0.0024472275121550815
5.0	1.9	0.003961370401018785
5.0	1.92	0.0007780250832390787
5.0	1.94	0.0021969166320566177
5.0	1.96	0.011031807335988499
5.0	1.98	0.008904413197066372
5.0	2.0	0.00017737759454875828
5.0	2.02	0.028916452141469894
5.0	2.04	0.07197211512777797
5.0	2.06	0.024502258637900773
5.0	2.08	0.07965027384726173
5.0	2.1	1.1240536617242078
5.0	2.12	4.202284975760046
5.0	2.14	9.048050994225685
5.0	2.16	13.376529476661842
5.0	2.18	14.399274394072197
5.0	2.2	11.380170314686774
5.0	2.22	6.377812460916751
5.0	2.24	2.2707394414071453
5.0	2.26	0.35562968775368164
5.0	2.28	0.00010432437202775375
5.0	2.3	0.06631006176236477
5.0	2.32	0.05147416111838396
5.0	2.34	0.004998317739683967
5.0	2.36	0.004568817427263694
5.0	2.38	0.012619237374600736
5.0	2.4	0.004739331876894459
5.0	2.42	5.258413591212612e-5
5.0	2.44	0.003211551279770455
5.0	2.46	0.002973958970079655
5.0	2.48	0.00023760168465433273
5.0	2.5	0.0006447817406942733
5.0	2.52	0.0015438819655740252
5.0	2.54	0.0005050571826673394
5.0	2.56	5.1624237858658414e-5
5.0	2.58	0.0006742247292213723
5.0	2.6	0.000510478892745885
5.0	2.62	1.170316772920386e-5
5.0	2.64	0.00023305032202158632
5.0	2.66	0.0003827394332644578
5.0	2.68	7.513464758105653e-5
5.0	2.7	5.1771306057122276e-5
5.0	2.72	0.0002352757386377449
5.0	2.74	0.00011612048489363235
5.0	2.76	2.3358359162017188e-6
5.0	2.78	0.00012034783939389213
5.0	2.8	0.00011861984894671648
5.0	2.82	5.82459317501689e-6
5.0	2.84	4.909508526898613e-5
5.0	2.86	9.706778602004775e-5
5.0	2.88	2.1527966429799884e-5
5.0	2.9	1.3644799374636075e-5
5.0	2.92	6.78511381414393e-5
5.0	2.94	3.2956414936953043e-5
5.0	2.96	1.1271197768988419e-6
5.0	2.98	4.134145428821941e-5
5.0	3.0	3.645688669868041e-5
5.0	3.0199999999999996	3.621845419060939e-7
5.0	3.04	2.1793605685207507e-5
5.0	3.06	3.37311566982076e-5
5.0	3.08	3.898795732447066e-6
5.0	3.1000000000000005	9.503512608631397e-6
5.0	3.12	2.773990856973564e-5
5.0	3.1399999999999997	7.744809170985663e-6
5.0	3.16	2.9385582055100926e-6
5.0	3.18	2.092679626598994e-5
5.0	3.2	1.0310504941108817e-5
5.0	3.2200000000000006	1.5149366178807705e-7
5.0	3.24	1.4756931093720986e-5
5.0	3.26	1.135184495191855e-5
5.0	3.28	-5.172578727259783e-7
5.0	3.3	9.848730796700174e-6
5.0	3.3200000000000003	1.1206091430728095e-5
5.0	3.34	-2.2190656718223122e-7
5.0	3.3599999999999994	6.276575761523188e-6
5.0	3.38	1.0346432382620153e-5
5.0	3.4	3.5307161773222204e-7
5.0	3.42	3.846285255108546e-6
5.0	3.4400000000000004	9.176601058918386e-6
5.0	3.46	8.655130602278589e-7
5.0	3.4799999999999995	2.2812875783514125e-6
5.0	3.5	7.969946778006342e-6
5.0	3.52	1.1840968325935723e-6
5.0	3.54	1.3231188222312804e-6
5.0	3.5600000000000005	6.878156232772061e-6
5.0	3.58	1.2878552171060977e-6
5.0	3.5999999999999996	7.719711203894217e-7
5.0	3.62	5.96312532518483e-6
5.0	3.64	1.2023642905424081e-6
5.0	3.66	4.933095220344637e-7
5.0	3.6800000000000006	5.228468648946805e-6
5.0	3.7	9.661033620119983e-7
5.0	3.7199999999999998	4.089992472134075e-7
5.0	3.74	4.641885041968173e-6
5.0	3.76	6.18015271598403e-7
5.0	3.7800000000000002	4.829321398477344e-7
5.0	3.8	4.1476496196299354e-6
5.0	3.8199999999999994	1.9895527307968527e-7
5.0	3.84	7.043940224398003e-7
5.0	3.86	3.6727256164795695e-6
5.0	3.88	-2.381825725674892e-7
5.0	3.9000000000000004	1.0679604941874882e-6
5.0	3.92	3.1328863911578492e-6
5.0	3.9399999999999995	-6.147411284859301e-7
5.0	3.96	1.5470711093317482e-6
5.0	3.98	2.447977881011554e-6
5.0	4.0	-8.175919860756858e-7
6.0	0.0	7.121608550534915
6.0	0.02	10.17501351603171
6.0	0.04	11.028176121496433
6.0	0.06	9.151115862959783
6.0	0.08	5.685646477947752
6.0	0.1	2.4654664981808203
6.0	0.12	0.6119373079017012
6.0	0.14	0.03354380638424971
6.0	0.16	0.02275054528142483
6.0	0.18	0.055135646111989324
6.0	0.2	0.024598775991321382
6.0	0.22	0.0007768663588019338
6.0	0.24	0.005135213872316769
6.0	0.26	0.009216383880237789
6.0	0.28	0.0035604603705997884
6.0	0.3	9.44700308277119e-5
6.0	0.32	0.001950108847240015
6.0	0.34	0.0026097028808559834
6.0	0.36	0.0008004291991713403
6.0	0.38	0.00011890166616245065
6.0	0.4	0.0008974563161259923
6.0	0.41999999999999993	0.0009499499068145653
6.0	0.44	0.00024448365514879533
6.0	0.4600000000000001	0.00011370575721600796
6.0	0.48	0.00045612205443956304
6.0	0.5	0.00041430458209115284
6.0	0.52	0.00010417324818212545
6.0	0.54	8.642316154346499e-5
6.0	0.56	0.0002544177117177842
6.0	0.58	0.00021778794603647924
6.0	0.6	5.8576297244493684e-5
6.0	0.62	6.376219874184713e-5
6.0	0.64	0.0001667836864717949
6.0	0.66	0.00013881291263136828
6.0	0.68	4.855470170900926e-5
6.0	0.7	9.258392970959242e-5
6.0	0.72	0.0001610925021531261
6.0	0.74	0.0001118157431274648
6.0	0.76	0.000467596309439561
6.0	0.78	0.002227428369385794
6.0	0.8	0.005660908728669365
6.0	0.82	0.009576912249601695
6.0	0.8399999999999999	0.01201311412903
6.0	0.8600000000000001	0.011610413397679488
6.0	0.88	0.008550197674062922
6.0	0.8999999999999999	0.0045126304896755945
6.0	0.9200000000000002	0.0015079202593424315
6.0	0.94	0.00030890125150534773
6.0	0.96	0.00015214243052466097
6.0	0.98	9.587587817574036e-5
6.0	1.0	4.739606387486359e-5
6.0	1.02	0.00016241438694552848
6.0	1.04	0.00018678617850928657
6.0	1.06	2.6679580922331303e-5
6.0	1.08	6.007064138565091e-5
6.0	1.1	0.0002907894743663574
6.0	1.12	0.00022604127083098897
6.0	1.14	-4.121795690945189e-6
6.0	1.16	0.0002164655193503058
6.0	1.18	0.0005507803545378648
6.0	1.2	0.0002572937988361716
6.0	1.22	1.509590149138895e-5
6.0	1.24	0.0006954070775952051
6.0	1.26	0.0010786573201039481
6.0	1.28	0.00023682774452151651
6.0	1.3	0.00033718071764685743
6.0	1.32	0.0022515586261258567
6.0	1.34	0.0022487652695937677
6.0	1.36	7.973074743106371e-5
6.0	1.38	0.0026142987403147185
6.0	1.4	0.008560388148819839
6.0	1.42	0.005322880084809726
6.0	1.44	0.00047791427363016396
6.0	1.46	0.023362611155826676
6.0	1.48	0.05222207613273125
6.0	1.5	0.017472854087638812
6.0	1.52	0.0511151429684426
6.0	1.54	0.7341059521270101
6.0	1.56	2.773555667464251
6.0	1.58	6.09008663950975
6.0	1.6	9.292911167111306
6.0	1.62	10.484025767365631
6.0	1.64	8.86946544509858
6.0	1.6600000000000001	5.502539421659643
6.0	1.6799999999999997	2.318374305674649
6.0	1.7	0.5287832665841271
6.0	1.7200000000000002	0.018511376484679154
6.0	1.7399999999999998	0.029933118666727807
6.0	1.76	0.050741210602882066
6.0	1.7800000000000002	0.015469341732964914
6.0	1.7999999999999998	0.0004255428825706845
6.0	1.82	0.008613581845168968
6.0	1.8400000000000003	0.007975927369041992
6.0	1.8599999999999999	0.0011060312888008924
6.0	1.88	0.0025011492540584837
6.0	1.9	0.005512883354817023
6.0	1.92	0.0019110082640272743
6.0	1.94	0.0017208206439578491
6.0	1.96	0.00927275800604668
6.0	1.98	0.007915968948896667
6.0	2.0	0.00034874927356129225
6.0	2.02	0.02276204455344773
6.0	2.04	0.05696600663889812
6.0	2.06	0.0195566275326612
6.0	2.08	0.06255941893184956
6.0	2.1	0.8829809476126005
6.0	2.12	3.30081183765075
6.0	2.14	7.106596910175027
6.0	2.16	10.506209531052354
6.0	2.18	11.30962139556175
6.0	2.2	8.93832998745064
6.0	2.22	5.009264934159363
6.0	2.24	1.7835267348199735
6.0	2.26	0.27941285309330055
6.0	2.28	0.00010836891457584488
6.0	2.3	0.052081209217675214
6.0	2.32	0.040483593049404895
6.0	2.34	0.0039706901501781015
6.0	2.36	0.0035855464355189024
6.0	2.38	0.009930309433680598
6.0	2.4	0.003765504095719402
6.0	2.42	5.0817119352589096e-5
6.0	2.44	0.002522219865949035
6.0	2.46	0.002364214364002394
6.0	2.48	0.00020672944457168248
6.0	2.5	0.0005030679345360601
6.0	2.52	0.0012245169900811197
6.0	2.54	0.00041897049367170037
6.0	2.56	4.253061328255916e-5
6.0	2.58	0.0005304929151605728
6.0	2.6	0.0004182086841081041
6.0	2.62	1.7592742022219975e-5
6.0	2.64	0.00018022017083275507
6.0	2.66	0.00031001259114412754
6.0	2.68	7.073203498367977e-5
6.0	2.7	3.927050495730283e-5
6.0	2.72	0.0001873622982090933
6.0	2.74	0.00010238405055125436
6.0	2.76	3.921921706331544e-6
6.0	2.78	9.320796346096242e-5
6.0	2.8	0.00010123896733869475
6.0	2.82	9.706073277499055e-6
6.0	2.84	3.6330695670793e-5
6.0	2.86	8.045182812244362e-5
6.0	2.88	2.3471545880856982e-5
6.0	2.9	9.539649485586408e-6
6.0	2.92	5.427156084945909e-5
6.0	2.94	3.2211781845849226e-5
6.0	2.96	1.516553765180157e-6
6.0	2.98	3.147021435970763e-5
6.0	3.0	3.3610114834049325e-5
6.0	3.0199999999999996	2.573591947751749e-6
6.0	3.04	1.538683635574953e-5
6.0	3.06	2.9685977466939967e-5
6.0	3.08	6.405591488531205e-6
6.0	3.1000000000000005	5.909034799246099e-6
6.0	3.12	2.3293979045804188e-5
6.0	3.1399999999999997	9.801800406950562e-6
6.0	3.16	1.4071947021639018e-6
6.0	3.18	1.6638696901957036e-5
6.0	3.2	1.1656643672476974e-5
6.0	3.2200000000000006	2.4597876951749884e-9
6.0	3.24	1.094469579415953e-5
6.0	3.26	1.1994258630889221e-5
6.0	3.28	1.7392386744549064e-7
6.0	3.3	6.639820284600443e-6
6.0	3.3200000000000003	1.1275963411476946e-5
6.0	3.34	9.192651374106753e-7
6.0	3.3599999999999994	3.6696184509273717e-6
6.0	3.38	1.0011571071431928e-5
6.0	3.4	1.6885955028270642e-6
6.0	3.42	1.765926639014409e-6
6.0	3.4400000000000004	8.595289107547796e-6
6.0	3.46	2.2442638433071876e-6
6.0	3.4799999999999995	6.191181684442125e-7
6.0	3.5	7.272335118322294e-6
6.0	3.52	2.5274897280885013e-6
6.0	3.54	-3.580011300147622e-8
6.0	3.5600000000000005	6.16407367297007e-6
6.0	3.58	2.561559937205349e-6
6.0	3.5999999999999996	-3.901819699611357e-7
6.0	3.62	5.308093475677829e-6
6.0	3.64	2.3935663558356402e-6
6.0	3.66	-5.62557670515091e-7
6.0	3.6800000000000006	4.6923247589803426e-6
6.0	3.7	2.0660186235961127e-6
6.0	3.7199999999999998	-6.10809613388535e-7
6.0	3.74	4.276249744568146e-6
6.0	3.76	1.6086543392480549e-6
6.0	3.7800000000000002	-5.4635236305825e-7
6.0	3.8	3.999350118599157e-6
6.0	3.8199999999999994	1.0437343853464678e-6
6.0	3.84	-3.48223625604236e-7
6.0	3.86	3.780404589139348e-6
6.0	3.88	4.0141851164802695e-7
6.0	3.9000000000000004	1.964957298899144e-8
6.0	3.92	3.5141685689575505e-6
6.0	3.9399999999999995	-2.571463106404324e-7
6.0	3.96	5.814136208595181e-7
6.0	3.98	3.076356846741185e-6
6.0	4.0	-8.152299041434466e-7
7.0	0.0	0.44227071902708315
7.0	0.02	0.631568221386862
7.0	0.04	0.6845895606971987
7.0	0.06	0.568276316706239
7.0	0.08	0.35305663088983846
7.0	0.1	0.15298209639326235
7.0	0.12	0.03801862924207497
7.0	0.14	0.0022416555008308737
7.0	0.16	0.0014738481033225168
7.0	0.18	0.003399777566146789
7.0	0.2	0.00159916663186488
7.0	0.22	0.0001864672964931831
7.0	0.24	0.00039871796186917566
7.0	0.26	0.0006194069353634354
7.0	0.28	0.00031152558479584076
7.0	0.3	0.00015129540454725122
7.0	0.32	0.00029468637537774235
7.0	0.34	0.000291488104017997
7.0	0.36	0.00014127393882420295
7.0	0.38	0.00025080178142690543
7.0	0.4	0.0004531063812795945
7.0	0.41999999999999993	0.00027299190210631336
7.0	0.44	0.00012425886358234406
7.0	0.4600000000000001	0.0006139062924494561
7.0	0.48	0.000923998266575828
7.0	0.5	0.0003058575095514088
7.0	0.52	0.00031558823244183873
7.0	0.54	0.0018666100962639882
7.0	0.56	0.0021439281056794936
7.0	0.58	0.0002802616660096716
7.0	0.6	0.0017019242577569333
7.0	0.62	0.007113269862524245
7.0	0.64	0.006118209027385629
7.0	0.66	8.99332390013437e-5
7.0	0.68	0.01387315845368577
7.0	0.7	0.04415571653775826
7.0	0.72	0.030002766077946306
7.0	0.74	0.007157299301857793
7.0	0.76	0.35342132515453495
7.0	0.78	1.6992574991897444
7.0	0.8	4.2905383292244075
7.0	0.82	7.348057641479444
7.0	0.8399999999999999	9.298919273169165
7.0	0.8600000000000001	8.949098061913103
7.0	0.88	6.517316783347597
7.0	0.8999999999999999	3.4438127596219963
7.0	0.9200000000000002	1.1751292025911086
7.0	0.94	0.17549475944350723
7.0	0.96	0.0005793057212030063
7.0	0.98	0.04215260509139069
7.0	1.0	0.03637099378296765
7.0	1.02	0.006215776194508318
7.0	1.04	0.0014609997049289988
7.0	1.06	0.007834733067324191
7.0	1.08	0.005429667221915964
7.0	1.1	0.0007455816708091411
7.0	1.12	0.0012308356363050943
7.0	1.14	0.002462306436382723
7.0	1.16	0.0014278828574839416
7.0	1.18	0.0007133704946059109
7.0	1.2	0.0009787250809254276
7.0	1.22	0.0009572720412628663
7.0	1.24	0.0011626444408807666
7.0	1.26	0.0014684414535216241
7.0	1.28	0.0007325936195091407
7.0	1.3	0.0008120893432627586
7.0	1.32	0.003041741357755086
7.0	1.34	0.0031020596781478767
7.0	1.36	0.0003596622260878721
7.0	1.38	0.0036335717440072425
7.0	1.4	0.011527306027981325
7.0	1.42	0.007279853208509007
7.0	1.44	0.0007719463405488277
7.0	1.46	0.03154973816871957
7.0	1.48	0.07054534396195074
7.0	1.5	0.023692753498923455
7.0	1.52	0.06909058468654009
7.0	1.54	0.9919664622042312
7.0	1.56	3.748096058536193
7.0	1.58	8.229978688791197
7.0	1.6	12.55803472837243
7.0	1.62	14.167668286573797
7.0	1.64	11.985930265541482
7.0	1.6600000000000001	7.43587657021609
7.0	1.6799999999999997	3.132747500480089
7.0	1.7	0.7145062219560716
7.0	1.7200000000000002	0.025010823541253772
7.0	1.7399999999999998	0.04012666215051676
7.0	1.76	0.06820153571376254
7.0	1.7800000000000002	0.020893913955299
7.0	1.7999999999999998	0.00031031858554897516
7.0	1.82	0.010754423774548693
7.0	1.8400000000000003	0.010310366538573408
7.0	1.8599999999999999	0.0014631435001035745
7.0	1.88	0.0019666201433165826
7.0	1.9	0.005277839688071867
7.0	1.92	0.0022483421411523445
7.0	1.94	0.0010012664509485183
7.0	1.96	0.0058468005184412215
7.0	1.98	0.005337202665134739
7.0	2.0	0.00039603844738686137
7.0	2.02	0.013064283166270294
7.0	2.04	0.032932153086349204
7.0	2.06	0.01144994937412387
7.0	2.08	0.03575235769595784
7.0	2.1	0.5045420988447372
7.0	2.12	1.885882913023981
7.0	2.14	4.059871870109644
7.0	2.16	6.001924945714747
7.0	2.18	6.460994621254078
7.0	2.2	5.106318492511263
7.0	2.22	2.8616631300513693
7.0	2.24	1.0189214000072608
7.0	2.26	0.15970260517469326
7.0	2.28	8.936985389570354e-5
7.0	2.3	0.029759870519736352
7.0	2.32	0.023176070089211118
7.0	2.34	0.0023081963340384937
7.0	2.36	0.0020519608345312616
7.0	2.38	0.005693029094018631
7.0	2.4	0.0021880537966266923
7.0	2.42	4.0635125977595034e-5
7.0	2.44	0.001445752437625718
7.0	2.46	0.0013755365130907558
7.0	2.48	0.00013624671060238523
7.0	2.5	0.00028910952074559873
7.0	2.52	0.0007118598411733248
7.0	2.54	0.0002580682361061676
7.0	2.56	2.8960934200551997e-5
7.0	2.58	0.0003071695161992573
7.0	2.6	0.0002534546738513522
7.0	2.62	1.834813942330431e-5
7.0	2.64	0.00010404415615108313
7.0	2.66	0.00018588320713033114
7.0	2.68	5.025946521213467e-5
7.0	2.7	2.400992293430461e-5
7.0	2.72	0.00011103734755399372
7.0	2.74	6.748029285646653e-5
7.0	2.76	5.59077433689246e-6
7.0	2.78	5.454143854494564e-5
7.0	2.8	6.450546093026193e-5
7.0	2.82	1.0359135363450656e-5
7.0	2.84	2.126753198221279e-5
7.0	2.86	5.002661353663055e-5
7.0	2.88	1.8707880418380987e-5
7.0	2.9	6.371990916100376e-6
7.0	2.92	3.298972727666447e-5
7.0	2.94	2.3247783883160618e-5
7.0	2.96	2.6129769445033853e-6
7.0	2.98	1.870927100579532e-5
7.0	3.0	2.3030911051466623e-5
7.0	3.0199999999999996	3.925729609634195e-6
7.0	3.04	9.022604833442793e-6
7.0	3.06	1.9619435503349345e-5
7.0	3.08	6.47525731649948e-6
7.0	3.1000000000000005	3.6211041270571334e-6
7.0	3.12	1.493075261019004e-5
7.0	3.1399999999999997	8.415333094427222e-6
7.0	3.16	1.3124513550271203e-6
7.0	3.18	1.0356911724164766e-5
7.0	3.2	9.214874934451585e-6
7.0	3.2200000000000006	8.272061984956191e-7
7.0	3.24	6.610973549046901e-6
7.0	3.26	9.014301441400557e-6
7.0	3.28	1.1854821174858369e-6
7.0	3.3	3.8852114495922344e-6
7.0	3.3200000000000003	8.181699830869321e-6
7.0	3.34	1.7735656740448483e-6
7.0	3.3599999999999994	2.075420129450671e-6
7.0	3.38	7.074824109522599e-6
7.0	3.4	2.279751369632212e-6
7.0	3.42	9.613456835434398e-7
7.0	3.4400000000000004	5.9505614552273715e-6
7.0	3.46	2.590514948024841e-6
7.0	3.4799999999999995	3.1628497623038557e-7
7.0	3.5	4.956624920466723e-6
7.0	3.52	2.6983196125868838e-6
7.0	3.54	-4.260056295346515e-8
7.0	3.5600000000000005	4.157013123344295e-6
7.0	3.58	2.637861174453575e-6
7.0	3.5999999999999996	-2.411764475999039e-7
7.0	3.62	3.5631676803759476e-6
7.0	3.64	2.449621648060354e-6
7.0	3.66	-3.531418000299908e-7
7.0	3.6800000000000006	3.158247032440891e-6
7.0	3.7	2.16341167193019e-6
7.0	3.7199999999999998	-4.102851191682042e-7
7.0	3.74	2.9109936295024144e-6
7.0	3.76	1.7947761564052456e-6
7.0	3.7800000000000002	-4.122208333140317e-7
7.0	3.8	2.7798870062699802e-6
7.0	3.8199999999999994	1.34983136241976e-6
7.0	3.84	-3.346507992030068e-7
7.0	3.86	2.7100727123148525e-6
7.0	3.88	8.369258655711788e-7
7.0	3.9000000000000004	-1.3900722593494228e-7
7.0	3.92	2.627233116934972e-6
7.0	3.9399999999999995	2.847725003465147e-7
7.0	3.96	2.1083183806801723e-7
7.0	3.98	2.4358278624335725e-6
7.0	4.0	-2.3556762822018792e-7
8.0	0.0	9.696933516472814
8.0	0.02	13.855050487708633
8.0	0.04	15.016446390131078
8.0	0.06	12.46018229168411
8.0	0.08	7.741830529954992
8.0	0.1	3.3574217422896875
8.0	0.12	0.8332083172255608
8.0	0.14	0.04544215839926807
8.0	0.16	0.03115763377358184
8.0	0.18	0.07538369804794731
8.0	0.2	0.03339313013988439
8.0	0.22	0.0009264453303770257
8.0	0.24	0.007295458917733487
8.0	0.26	0.012819647525759292
8.0	0.28	0.004706132428385349
8.0	0.3	0.00013989842543511247
8.0	0.32	0.003118347742099999
8.0	0.34	0.0038036025070696546
8.0	0.36	0.0009384676198600493
8.0	0.38	0.0004211166174901053
8.0	0.4	0.0019660549716083837
8.0	0.41999999999999993	0.00154447802060089
8.0	0.44	0.00023347651551810378
8.0	0.4600000000000001	0.0009847491123232085
8.0	0.48	0.001970808230809344
8.0	0.5	0.0008182001833869139
8.0	0.52	0.0003597658037637237
8.0	0.54	0.0026557011978527822
8.0	0.56	0.0032427460209369595
8.0	0.58	0.00047879370045186007
8.0	0.6	0.0021879458865305744
8.0	0.62	0.009539545783996706
8.0	0.64	0.008263380211580736
8.0	0.66	0.00010209150371188151
8.0	0.68	0.018214337693501566
8.0	0.7	0.058176856682699396
8.0	0.72	0.039510496330074654
8.0	0.74	0.009339778536221163
8.0	0.76	0.46434935209971234
8.0	0.78	2.2326123438168524
8.0	0.8	5.636922744400942
8.0	0.82	9.653829772705961
8.0	0.8399999999999999	12.21699984287649
8.0	0.8600000000000001	11.757421685975107
8.0	0.88	8.562400805877653
8.0	0.8999999999999999	4.524430784625586
8.0	0.9200000000000002	1.5439486203424937
8.0	0.94	0.23056046164547817
8.0	0.96	0.0006304819439755062
8.0	0.98	0.05534106939101784
8.0	1.0	0.047832118277300974
8.0	1.02	0.008057951692240517
8.0	1.04	0.0017340836608268754
8.0	1.06	0.010284985704190827
8.0	1.08	0.007121876252943729
8.0	1.1	0.0007056563467687449
8.0	1.12	0.0013794022668747411
8.0	1.14	0.003257917764348411
8.0	1.16	0.0016860603589966398
8.0	1.18	0.00036752012179139417
8.0	1.2	0.0010103216525668669
8.0	1.22	0.001264139489677708
8.0	1.24	0.0008150414622669107
8.0	1.26	0.0007780530175251325
8.0	1.28	0.0007096999046548118
8.0	1.3	0.0007323746762404534
8.0	1.32	0.0015974860745407193
8.0	1.34	0.0016512339540581632
8.0	1.36	0.0003954807539297537
8.0	1.38	0.0019876078121892067
8.0	1.4	0.005921607019254064
8.0	1.42	0.0038122618046694838
8.0	1.44	0.0005205803104094217
8.0	1.46	0.01625046376740726
8.0	1.48	0.03626162939963777
8.0	1.5	0.012245582416768177
8.0	1.52	0.03557528068930455
8.0	1.54	0.5098884107599043
8.0	1.56	1.926611126035973
8.0	1.58	4.230429931977123
8.0	1.6	6.455103822874447
8.0	1.62	7.282460504670612
8.0	1.64	6.161037553991061
8.0	1.6600000000000001	3.8222172339017666
8.0	1.6799999999999997	1.610276592180006
8.0	1.7	0.3672625744813378
8.0	1.7200000000000002	0.012876441000120909
8.0	1.7399999999999998	0.020602907927612567
8.0	1.76	0.035009485569835824
8.0	1.7800000000000002	0.01074450401122233
8.0	1.7999999999999998	0.0001432943720113701
8.0	1.82	0.005419725637052672
8.0	1.8400000000000003	0.005237312941576522
8.0	1.8599999999999999	0.0007578223344938015
8.0	1.88	0.0008372514427489428
8.0	1.9	0.0024273070772470257
8.0	1.92	0.0011131816258178292
8.0	1.94	0.0003503636813608299
8.0	1.96	0.0021272062445917917
8.0	1.98	0.0020328397548012877
8.0	2.0	0.00019858191471475072
8.0	2.02	0.004380341860436612
8.0	2.04	0.011094305592969431
8.0	2.06	0.003901553525398531
8.0	2.08	0.011920966075460605
8.0	2.1	0.1681136519242969
8.0	2.12	0.6282848758046816
8.0	2.14	1.3524294168622197
8.0	2.16	1.9993442939144077
8.0	2.18	2.1522947613192502
8.0	2.2	1.7010226030140487
8.0	2.22	0.9532707733979313
8.0	2.24	0.33943538232459847
8.0	2.26	0.05322463671211151
8.0	2.28	4.026411776913896e-5
8.0	2.3	0.009920513780435502
8.0	2.32	0.007736808704873666
8.0	2.34	0.0007812764989467072
8.0	2.36	0.0006882539158611405
8.0	2.38	0.0019056136972912753
8.0	2.4	0.0007400283790244785
8.0	2.42	1.8771895481885702e-5
8.0	2.44	0.000486662959249871
8.0	2.46	0.00046657713305786337
8.0	2.48	5.1119038274654337e-5
8.0	2.5	9.977959773879934e-5
8.0	2.52	0.00024281679052290278
8.0	2.54	9.137934877048502e-5
8.0	2.56	1.2737531688209519e-5
8.0	2.58	0.00010617481543673791
8.0	2.6	8.898632913890938e-5
8.0	2.62	9.087079054511912e-6
8.0	2.64	3.748089975196703e-5
8.0	2.66	6.555075630258276e-5
8.0	2.68	1.9511002644813625e-5
8.0	2.7	1.026299668698571e-5
8.0	2.72	3.987486526916971e-5
8.0	2.74	2.4949591427187465e-5
8.0	2.76	3.763615038104219e-6
8.0	2.78	2.0519652737479703e-5
8.0	2.8	2.3666223488374986e-5
8.0	2.82	5.0562169018138066e-6
8.0	2.84	9.030911431220288e-6
8.0	2.86	1.8612722335882983e-5
8.0	2.88	7.593021941517978e-6
8.0	2.9	3.7225084208208685e-6
8.0	2.92	1.2763465784667378e-5
8.0	2.94	8.930548690259617e-6
8.0	2.96	2.1535919961483635e-6
8.0	2.98	7.85355983984674e-6
8.0	3.0	8.758783145707399e-6
8.0	3.0199999999999996	2.310408673596694e-6
8.0	3.04	4.464640170858133e-6
8.0	3.06	7.58159997543877e-6
8.0	3.08	2.9325640223132305e-6
8.0	3.1000000000000005	2.4834318819609527e-6
8.0	3.12	6.009366449873781e-6
8.0	3.1399999999999997	3.414823878704958e-6
8.0	3.16	1.520041907319166e-6
8.0	3.18	4.479324738155866e-6
8.0	3.2	3.577105968332114e-6
8.0	3.2200000000000006	1.1670053140015679e-6
8.0	3.24	3.2124530923372036e-6
8.0	3.26	3.4531726843854367e-6
8.0	3.28	1.1125186850070732e-6
8.0	3.3	2.2673597350867144e-6
8.0	3.3200000000000003	3.1488516881597497e-6
8.0	3.34	1.1612362495690796e-6
8.0	3.3599999999999994	1.6119878466833349e-6
8.0	3.38	2.7678071555778626e-6
8.0	3.4	1.2121922652942497e-6
8.0	3.42	1.1795546657105832e-6
8.0	3.4400000000000004	2.383975605849535e-6
8.0	3.46	1.2258598876509426e-6
8.0	3.4799999999999995	9.016595122603343e-7
8.0	3.5	2.03921186733799e-6
8.0	3.52	1.195779684630337e-6
8.0	3.54	7.230220068182466e-7
8.0	3.5600000000000005	1.750942103505101e-6
8.0	3.58	1.1293457610811665e-6
8.0	3.5999999999999996	6.049974953064069e-7
8.0	3.62	1.5213779274231131e-6
8.0	3.64	1.0369942248975157e-6
8.0	3.66	5.237879829129907e-7
8.0	3.6800000000000006	1.3447100450324612e-6
8.0	3.7	9.273383562380231e-7
8.0	3.7199999999999998	4.6704241407325046e-7
8.0	3.74	1.21143321642729e-6
8.0	3.76	8.059378627185841e-7
8.0	3.7800000000000002	4.306011630650216e-7
8.0	3.8	1.1101619020379988e-6
8.0	3.8199999999999994	6.761742435234003e-7
8.0	3.84	4.157908649941777e-7
8.0	3.86	1.0277154572174075e-6
8.0	3.88	5.414775508610546e-7
8.0	3.9000000000000004	4.2680765414231727e-7
8.0	3.92	9.484848775503982e-7
8.0	3.9399999999999995	4.085523466212873e-7
8.0	3.96	4.672078724818843e-7
8.0	3.98	8.545283379351249e-7
8.0	4.0	2.9097391344217616e-7
